goldcool,255,1,
201001
201002
201003
201004
201005
201006
201500
202001
202002
202500
202501
203500
203501
203502
204001
204002
204003
204004
204005
204006
204007
204008
204009
204010
204011
204500
204501
204502
204503
204504
204505
204506
204507
204508
204510
204511
204512
204513
204514
204515
204516
204517
204518
204519
204520
204521
204522
204523
204524
204525
204526
204527
204528
204529
204530
204531
204533
204534
204538
204539
222001
222002
222003
205001
205002
205003
205004
205005
226001
226500
206500
206501
206502
206503
207001
207002
208500
208501
208502
208503
209500
210001
210002
210003
210004
210005
227001
227002
227500
227501
227502
227503
228001
228002
228003
228500
228501
228502
228503
228504
211001
211002
211003
211004
211005
211006
211501
211502
211503
211504
211505
211506
211507
212500
212501
212502
212503
212504
213001
213002
213003
213500
214500
215001
216001
216500
216501
217001
218001
218002
218500
219001
219002
219003
219004
219005
219006
219007
219008
219500
219501
219502
219503
219504
220500
221000
221001
229001
229002
230001
230002
230003
230004
230005
230006
230007
230008
230009
230010
230011
230012
230013
230014
230500
230501
230502
230503
230504
230505
230506
230507
231001
231002
232001
232002
232003
233001
233002
233003
233004
233005
233006
233007
233008
233009
233010
233011
233012
233013
233502
233501
234001
234002
234003
234004
234005
234500
234501
235500
235501
235502
236500
236501
236502
236503
224500
238500
238501
238502
238503
238504
239500
239501
239502
239503