goldcool, 269,12,
1,3054,"<M>Back to Earth",1,0,0,0,60,0,100,1,0,
2,3276,"<M>Spinning",1,0,1,0,60,0,100,1,0,
3,3023,"<M>Magic Flask",1,0,51,0,60,0,100,1,0,
4,3234,"<M>First Trial",1,0,3,0,60,0,100,1,0,
7,3030,"<M>Disenchanting",10,0,0,0,60,0,100,1,0,
8,3118,"<M>Magical Adventure",14,0,7,0,60,0,100,1,0,
34,3036,"<M>The Comeback",14,0,8,0,60,0,100,1,0,
12,3218,"<M>The Fog",24,0,37,0,60,0,100,1,0,
14,3120,"<M>The Forbidden Hell",24,0,12,0,60,0,100,1,0,
16,3218,"<M>Giant Willow",24,0,82,0,60,0,100,1,0,
17,3218,"<M>Giant Peach",24,0,16,0,60,0,100,1,0,
38,3218,"<M>Perfection",24,0,17,0,60,0,100,1,0,
18,3162,"<M>Old Friend",20,0,36,0,60,0,100,0,0,
19,3042,"<M>Evil Spider",20,0,81,0,60,0,100,1,0,
37,3042,"<M>Bad News",20,0,19,0,60,0,100,1,0,
20,3022,"<M>Thief Catcher",18,0,0,0,60,0,100,1,0,
35,3163,"<M>Crane Pass Victory",18,0,20,0,60,0,100,1,0,
21,3229,"<M>Everyboies Wish",18,0,35,0,60,0,100,1,0,
36,3022,"<M>Goal Manor Immortal",18,0,21,0,60,0,100,1,0,
27,3044,"<M>Poisoned Rain",32,0,38,0,60,0,100,1,0,
39,3092,"<M>Demon Party",32,0,27,0,60,0,100,1,0,
28,3044,"<M>World Disaster",35,0,39,0,60,0,100,1,0,
40,3044,"<M>Lake Secret",38,0,29,0,60,0,100,1,0,
43,3044,"<M>Doomsday",44,0,40,0,60,0,100,1,0,
29,3220,"<M>Illness Beadroll",38,0,28,0,60,0,100,1,0,
30,3098,"<B>Birth of Nalory",40,0,0,0,60,0,100,1,0,
31,3044,"<M>Secret Passport",44,0,43,0,60,0,100,1,0,
44,3098,"<B>Mentor's Care",45,0,0,0,60,0,100,1,0,
45,3311,"<M>Mysterious Woman",50,0,31,0,60,0,100,1,0,
51,3277,"<M>Pet",1,0,2,0,60,0,100,1,0,
46,3312,"<M>De-evil Tower",50,0,45,0,60,0,100,1,0,
47,3283,"<M>Longicorn Adventure",55,0,83,0,60,0,100,1,0,
53,3133,"<M>Fight for Love",55,0,83,54,60,0,100,1,0,
54,3133,"<M>Fight for Love",55,0,83,53,60,0,100,1,0,
55,3133,"<M>Fight for Love",55,0,0,0,60,0,100,1,0,
48,3135,"<M>Haunted House",55,0,68,0,60,0,100,1,0,
56,3155,"<M>Ghost Hunting",61,0,48,0,60,0,100,1,0,
49,3187,"<M>Silence Hell",61,0,56,0,60,0,100,1,0,
52,3155,"<M>Dementor",68,0,49,0,60,0,100,0,0,
57,3155,"<M>Headless Ripper",68,0,52,0,60,0,100,1,0,
58,3120,"<M>Farewell to Jessica",68,0,57,0,60,0,100,1,0,
59,3492,"<M>Punishment",74,0,69,0,60,0,100,1,0,
60,3452,"<M>Anxious Thunder God",78,0,59,0,60,0,100,1,0,
61,3453,"<M>Underground Hall",82,0,60,0,60,0,100,1,0,
68,3173,"<M>Leaving Longicorns",55,0,47,0,60,0,100,0,0,
69,3529,"<M>Giant Icicles",70,0,58,0,60,0,100,1,0,
70,3022,"<M>Apprenticeship",1,0,0,0,60,0,100,1,0,
75,3033,"<B>Jeff the Door God",40,0,0,78,60,0,100,1,0,
76,3033,"<B>Cosmos Spook",44,0,75,79,60,0,100,1,0,
77,3033,"<B>Lonely Ghost King",48,0,76,80,60,0,100,1,0,
78,3034,"<B>Kavin the Door God",40,0,0,75,60,0,100,1,0,
79,3034,"<B>Lingering Fantom",44,0,78,76,60,0,100,1,0,
80,3034,"<B>Wild Ghost King",48,0,79,77,60,0,100,1,0,
81,3305,"<M>Geralyn",20,0,18,0,60,0,100,1,0,
82,3120,"<M>Flaming Hell",24,0,14,0,60,0,100,1,0,
83,3312,"<M>State of Longicorn",50,0,46,0,60,0,100,1,0,
65,3097,"<M>Skull Goblin",82,0,61,0,60,0,100,1,0,
84,3457,"<M>Unexpected War",86,0,65,0,60,0,100,1,0,
85,3751,"<M>West Pass War",90,0,84,0,60,0,100,1,0,
86,3751,"<M>North Pass War",90,0,85,0,60,0,100,1,0,
87,3751,"<M>Cheering Duo",92,0,86,0,60,0,100,1,0,
88,3771,"<M>Hell Pass Adventure",94,0,87,0,60,0,100,1,0,
251,3022,"<Z>The Mission",25,0,0,0,60,0,100,1,0,
252,3224,"<Z>The Power",25,0,251,0,60,0,100,1,0,
253,3651,"<Z>The Eudemon",5,0,0,0,60,0,100,1,0,
254,3651,"<Z>The Omen",10,0,0,0,60,0,100,1,0,
255,3651,"<Z>Another Possibility",16,0,0,0,60,0,100,1,0,
256,3651,"<Z>Force of Zodiac",24,0,0,0,60,0,100,1,0,
257,3651,"<Z>True Power",24,0,256,0,60,0,100,1,0,
258,3651,"<Z>Stele in the Lake",30,0,0,0,60,0,100,1,0,
259,3651,"<Z>The Signal",8,0,0,0,60,0,100,1,0,
260,3651,"<Z>The Threat",14,0,0,0,60,0,100,1,0,
261,3651,"<Z>The Right Path",30,0,0,0,60,0,100,1,0,
301,3327,"<E>Merry Christmas",1,0,65,0,60,0,100,1,0,
302,3104,"<E>Great Wealth",10,0,84,0,60,0,59,1,0,
303,3423,"<E>New Server",10,0,85,0,60,0,100,1,0,
304,3025,"<H>Happy Children's Day",10,0,86,0,60,0,100,1,0,
305,3092,"<H>God of Rain's Train",40,0,87,0,60,0,100,1,0,
306,3093,"<H>Saving the Patriot",40,0,0,0,60,0,100,1,0,
351,3156,"<B>Dragonfly Catching",7,0,0,0,60,0,100,1,0,
353,3004,"<M>Behind the Curtain",1,0,4,0,60,0,100,1,0,
354,3003,"<M>Passing the Love",1,0,355,0,60,0,100,1,0,
355,3023,"<M>Hungry Wolves",1,0,353,0,60,0,100,1,0,
356,3055,"<B>The Lost Child",9,0,0,0,60,0,100,1,0,
357,3191,"<B>Pork Soup",20,0,391,393,60,0,100,1,0,
358,3059,"<B>Fake It to Make It",16,0,0,0,60,0,100,1,0,
359,3174,"<B>The Baby Wolf ",9,0,355,0,60,0,100,1,0,
361,3065,"<B>A Plague Errand",1,0,0,0,60,0,100,1,0,
367,3022,"<B>Evil Giant Bear",22,0,0,0,60,0,100,1,0,
368,3009,"<B>Good and Bad Luck",21,0,0,0,60,0,100,1,0,
371,3182,"<B>Blacksmith's Food",22,0,379,0,60,0,100,1,0,
372,3223,"<B>The Runaway",22,0,0,0,60,0,100,1,0,
448,3223,"<B>Sympathy",22,0,372,449,60,0,100,1,0,
449,3223,"<B>Cold Heart",22,0,372,448,60,0,100,1,0,
377,3183,"<B>Beggar's Secret",20,0,0,0,60,0,100,1,0,
378,3183,"<B>Fairy's First Thing",20,0,377,0,60,0,100,1,0,
379,3183,"<B>Fairy's 2nd Thing",20,0,378,0,60,0,100,1,0,
380,3183,"<B>Self-knowledge",20,0,377,0,60,0,100,1,0,
381,3189,"<B>Evil Rogue",12,0,0,0,60,0,100,1,0,
382,3185,"<B>Lazy Soldier",12,0,381,0,60,0,100,1,0,
383,3185,"<B>Coward",12,0,382,0,60,0,100,1,0,
384,3073,"<B>Escort",12,0,383,0,60,0,100,1,0,
385,3188,"<B>Prison Breaker",12,0,384,0,60,0,100,1,0,
373,3070,"<B>Separation",12,0,385,0,60,0,100,1,0,
386,3073,"<B>Prodigal Son",12,0,373,0,60,0,100,1,0,
387,3077,"<B>Leverage",12,0,386,388,60,0,100,1,0,
388,3073,"<B>The Conspiracy",18,0,386,0,60,0,100,1,0,
389,3073,"<B>Gourd with Blood",18,0,388,0,60,0,100,1,0,
390,3224,"<B>The Secret Gourd",18,0,389,0,60,0,100,1,0,
391,3191,"<B>Mother's Illness",20,0,378,0,60,0,100,1,0,
392,3193,"<B>Blessing Purse",20,0,357,393,60,0,100,1,0,
393,3191,"<B>Recovery",20,0,391,392,60,0,100,1,0,
394,3194,"<B>Farmer's Gift",19,0,0,0,60,0,100,1,0,
395,3196,"<B>Proof",27,0,0,0,60,0,100,1,0,
398,3083,"<B>Unexpected Help",27,0,399,0,60,0,100,1,0,
399,3084,"<B>Zodiac Order",27,0,395,0,60,0,100,1,0,
404,3199,"<B>Cobweb",25,0,0,0,60,0,100,1,0,
405,3203,"<B>Beautiful Shell",30,0,0,0,60,0,100,1,0,
406,3204,"<B>Fierce Tortoise",30,0,0,0,60,0,100,1,0,
407,3060,"<B>Good Luck",12,0,0,0,60,0,100,1,0,
408,3093,"<B>Achelous's Tortoise",32,0,0,0,60,0,100,1,0,
409,3206,"<B>Bad Lucks",35,0,0,0,60,0,100,1,0,
410,3019,"<B>Strange Plume",35,0,0,0,60,0,100,1,0,
411,3099,"<B>Finding the Medicine",35,0,410,0,60,0,100,1,0,
413,3100,"<B>Weird Medicine",31,0,0,0,60,0,100,1,0,
415,3098,"<B>Training",33,0,0,0,60,0,100,1,0,
416,3125,"<B>Trumpet Shell",30,0,0,0,60,0,100,1,0,
431,3265,"<B>Piggy's Comeback",12,0,0,0,60,0,100,1,0,
432,3265,"<B>Piggy Leader",1,0,431,0,60,0,100,1,0,
450,3353,"<B>The Rumor",50,0,0,0,60,0,100,0,0,
451,3278,"<B>The Giant Petal",50,0,450,0,60,0,100,1,0,
452,3343,"<B>The Difficulty",50,0,451,0,60,0,100,1,0,
453,3278,"<B>The Suffering",50,0,452,0,60,0,100,1,0,
454,3344,"<B>Plague of Locusts",52,0,0,0,60,0,100,1,0,
455,3347,"<B>Evil Dragon",52,0,0,0,60,0,100,1,0,
456,3355,"<B>The Dragon's Growth",52,0,455,0,60,0,100,1,0,
457,3356,"<B>Lonely Heart",52,0,456,0,60,0,100,1,0,
458,3347,"<B>Blood Is Thicker",52,0,457,459,60,0,100,1,0,
459,3361,"<B>Cruel Choice",52,0,457,458,60,0,100,1,0,
460,3342,"<B>Sudden Attack",55,0,0,0,60,0,100,1,0,
461,3364,"<B>Stubbornness",55,0,0,0,60,0,100,1,0,
462,3365,"<B>Frustration",56,0,0,0,60,0,100,1,0,
463,3366,"<B>Flying Little Mouse",57,0,0,0,60,0,100,1,0,
464,3363,"<B>Saving the Doll",63,0,0,0,60,0,100,1,0,
469,3371,"<B>Flaming Tree",64,0,0,0,60,0,100,1,0,
490,3402,"<B>Mountain Spirit's Story",90,0,0,0,60,0,100,1,0,
491,3403,"<B>Elaine's Reading",91,0,490,493,60,0,100,1,0,
492,3403,"<B>Kind Elaine",91,0,491,0,60,0,100,1,0,
493,3404,"<B>Bob's Reading",91,0,490,491,60,0,100,1,0,
494,3402,"<B>The Curse ",91,0,493,0,60,0,100,1,0,
495,3405,"<B>Soul Flower",93,0,0,0,60,0,100,1,0,
496,3777,"<B>Demon Flower",93,0,495,0,60,0,100,1,0,
498,3779,"<B>Ghost Fairy",95,0,0,0,60,0,100,1,0,
499,3418,"<B>Fairy and Phoenix ",95,0,498,0,60,0,100,1,0,
500,3054,"<B>Mysterious Kid",90,0,0,501,60,0,100,1,0,
501,3054,"<B>Mysterious Kid",90,0,0,500,60,0,100,1,0,
504,3417,"<B>Sandy",96,0,0,0,60,0,100,1,0,
505,3409,"<B>Bad Temper",96,0,504,0,60,0,100,1,0,
506,3409,"<B>Pepperbox",96,0,505,0,60,0,100,1,0,
507,3409,"<B>Crush",96,0,506,0,60,0,100,1,0,
600,3621,"<G>Guild Layout",10,0,0,0,60,0,100,1,0,
601,3621,"<G>The Growth ",10,0,0,0,60,0,100,1,0,
602,3621,"<G>Labor",10,0,0,0,60,0,100,1,0,
603,3621,"<G>The Secret Recipe",10,0,0,0,60,0,100,1,0,
604,3621,"<G>The Secret Gum",10,0,0,0,60,0,100,1,0,
605,3621,"<G>The Huge Rock",10,0,0,0,60,0,100,1,0,
606,3621,"<G>Seabed Adventure",10,0,0,0,60,0,100,1,0,
607,3621,"<G>Gourmet Food",10,0,0,0,60,0,100,1,0,
608,3621,"<G>Man-eating Flower",10,0,0,0,60,0,100,1,0,
609,3621,"<G>Fat Pig",10,0,0,0,60,0,100,1,0,
610,3621,"<G>Mining",10,0,0,0,60,0,100,1,0,
611,3621,"<G>Devil Extermination",10,0,0,0,60,0,100,1,0,
612,3621,"<G>Herbal Collecting",10,0,0,0,60,0,100,1,0,
613,3621,"<G>Longicorns' foe",10,0,0,0,60,0,100,1,0,
614,3621,"<G>Ancientry Dream ",10,0,0,0,60,0,100,1,0,
615,3621,"<G>Top Chef",10,0,0,0,60,0,100,1,0,
616,3621,"<G>Burning Sun",10,0,0,0,60,0,100,1,0,
617,3621,"<G>Poisonous Acicula",10,0,0,0,60,0,100,1,0,
618,3621,"<G>Medicine Production",10,0,0,0,60,0,100,1,0,
619,3621,"<G>Underground Guard",10,0,0,0,60,0,100,1,0,
620,3621,"<G>The Annoying Wood",10,0,0,0,60,0,100,1,0,
694,3414,"<R>Legend of Warrior",97,0,0,0,60,0,100,1,0,
695,3414,"<R>Wandering Ghost",95,0,0,0,60,0,98,1,0,
696,3414,"<R>Adventure to Hell",93,0,0,0,60,0,95,1,0,
697,3414,"<R>Wonder Medicine",90,0,0,0,60,0,92,1,0,
698,3414,"<R>Midnight Horror",88,0,0,0,60,0,91,1,0,
699,3414,"<R>The X Files",86,0,0,0,60,0,88,1,0,
702,3004,"<R>Wisdom Challenge",1,0,0,0,60,0,9,1,0,
733,3112,"<L>Marriage",10,0,0,0,60,0,100,1,0,
735,3196,"<C>Spreading the News",30,0,0,0,60,0,100,1,0,
736,3200,"<C>The Evil Master",30,0,0,0,60,0,100,1,0,
737,3233,"<C>Big Risk",40,0,0,0,60,0,100,1,0,
738,3157,"<C>Wonder World",40,0,0,0,60,0,100,1,0,
739,3078,"<C>Honesty",45,0,0,0,60,0,100,1,0,
740,3099,"<C>Helter-skelter",45,0,0,0,60,0,100,1,0,
741,3096,"<C>A Strange Race",50,0,0,0,60,0,100,1,0,
742,3357,"<C>Luna's Rabbit",50,0,0,0,60,0,100,1,0,
743,3204,"<C>Stranded Dragon",55,0,0,0,60,0,100,1,0,
744,3334,"<C>Long Journey",55,0,0,0,60,0,100,1,0,
745,3135,"<C>Missing Sheeps",60,0,0,0,60,0,100,1,0,
746,3340,"<C>Withered Crops",60,0,0,0,60,0,100,1,0,
747,3367,"<C>To be perseverant",80,0,0,0,60,0,100,1,0,
748,3388,"<C>Frog's world",80,0,0,0,60,0,100,1,0,
750,3010,"<C>A Paint of Cakes",20,0,0,0,60,0,100,1,0,
751,3009,"<C>Anticlimax",20,0,0,0,60,0,100,1,0,
752,3015,"<C>Fake Hobby",20,0,0,0,60,0,100,1,0,
753,3022,"<C>Evil Longicorn",20,0,0,0,60,0,100,1,0,
754,3020,"<C>Public Enemy",20,0,0,0,60,0,100,1,0,
755,3209,"<C>Paranoia",30,0,0,0,60,0,100,1,0,
761,3022,"<R>Bandit Wanted",10,0,0,0,60,0,14,1,0,
763,3022,"<R>Sprite Wanted",15,0,0,0,60,0,19,1,0,
764,3209,"<R>Beast Trainer Hunt",20,0,0,0,60,0,22,1,0,
765,3209,"<R>Withered Beast Hunt",23,0,0,0,60,0,25,1,0,
767,3209,"<R>Evil Tree Wanted",26,0,0,0,60,0,29,1,0,
768,3044,"<R>Rock Goblin Wanted",30,0,0,0,60,0,32,1,0,
769,3044,"<R>Evil Mushroom Hunt",33,0,0,0,60,0,35,1,0,
770,3044,"<R>Evil Coral Wanted",36,0,0,0,60,0,39,1,0,
772,3044,"<R>Villain Wanted",40,0,0,0,60,0,44,1,0,
773,3044,"<R>Tricky Tortoise",45,0,0,0,60,0,49,1,0,
775,3135,"<R>Armored Tortoise",50,0,0,0,60,0,54,1,0,
778,3135,"<R>Longicorn Soldier",55,0,0,0,60,0,59,1,0,
779,3135,"<R>Child Corpse Hunt",60,0,0,0,60,0,64,1,0,
780,3135,"<R>Ghost Fire Wanted",65,0,0,0,60,0,68,1,0,
782,3135,"<R>Ancient Titan Hunt",73,0,0,0,60,0,76,1,0,
783,3135,"<R>One-eyed Beast",69,0,0,0,60,0,72,1,0,
784,3135,"<R>Clayman Wanted",77,0,0,0,60,0,79,1,0,
785,3426,"<R>Scorpion King Hunt",80,0,0,0,60,0,82,1,0,
786,3426,"<R>Acicula Wanted",83,0,0,0,60,0,85,1,0,
787,3426,"<R>Centipede King Hunt",86,0,0,0,60,0,89,1,0,
788,3414,"<R>Skull Soldier Hunt",90,0,0,0,60,0,95,1,0,
789,3414,"<R>Ice Demon Wanted",96,0,0,0,60,0,100,1,0,
802,3022,"<R>No.1 Most Wanted",20,0,0,0,60,1,100,1,0,
803,3022,"<R>No.2 Most Wanted",20,0,0,0,60,1,100,1,0,
804,3022,"<R>No.3 Most Wanted",18,0,0,0,60,1,100,1,0,
805,3224,"<R>Lightening Sprite",10,0,0,0,60,1,100,1,0,
809,3058,"<D>Daily Task",20,0,0,0,60,1,100,1,0,
811,3534,"<RP>Renown Task",10,0,0,0,60,1,100,1,811,
812,3577,"<E>War of DivineAnimal",20,0,0,0,60,1,100,0,0,
813,3429,"<G>Guild Building",10,0,0,0,60,1,100,1,0,
814,3621,"<G>Exorcism 1",10,0,0,0,60,1,100,1,0,
815,3634,"<G>Timber Processing",10,0,0,0,60,1,100,1,0,
816,3634,"<G>Ore Processing",10,0,0,0,60,1,100,1,0,
817,3621,"<G>Exorcism 2",10,0,0,0,60,1,100,1,0,
818,3621,"<G>Daily Task",10,0,0,0,60,1,100,1,818,
821,3628,"<G>Alchemy Room(Bas.)",10,0,0,0,60,1,100,1,0,
822,3628,"<G>Alchemy Room(Med.)",10,0,0,0,60,1,100,1,0,
823,3628,"<G>Alchemy Room(Adv.)",10,0,0,0,60,1,100,1,0,
824,3628,"<G>Alchemy Room(Pro.)",10,0,0,0,60,1,100,1,0,
826,3631,"<G>Restaurant (Bas.)",10,0,0,0,60,1,100,1,0,
827,3631,"<G>Restaurant (Med.)",10,0,0,0,60,1,100,1,0,
828,3631,"<G>Restaurant (Adv.)",10,0,0,0,60,1,100,1,0,
829,3631,"<G>Restaurant (Pro.)",10,0,0,0,60,1,100,1,0,
831,3629,"<G>Martial Club (Bas.)",10,0,0,0,60,1,100,1,0,
832,3629,"<G>Martial Club (Med.)",10,0,0,0,60,1,100,1,0,
833,3629,"<G>Martial Club (Adv.)",10,0,0,0,60,1,100,1,0,
834,3629,"<G>Martial Club (Pro.)",10,0,0,0,60,1,100,1,0,
836,3630,"<G>Pet Shop (Bas.)",10,0,0,0,60,1,100,1,0,
837,3630,"<G>Pet Shop (Med.)",10,0,0,0,60,1,100,1,0,
838,3630,"<G>Pet Shop (Adv.)",10,0,0,0,60,1,100,1,0,
839,3630,"<G>Pet Shop (Pro.)",10,0,0,0,60,1,100,1,0,
841,3633,"<G>Garden (Bas.)",10,0,0,0,60,1,100,1,0,
842,3633,"<G>Garden (Med.)",10,0,0,0,60,1,100,1,0,
843,3633,"<G>Garden (Adv.)",10,0,0,0,60,1,100,1,0,
844,3633,"<G>Garden (Pro.)",10,0,0,0,60,1,100,1,0,
846,3699,"<G>Guild Task (Bas.)",10,0,0,0,60,1,100,1,846,
847,3699,"<G>Guild Task (Med.)",10,0,0,0,60,1,100,1,847,
848,3699,"<G>Guild Task (Adv.)",10,0,0,0,60,1,100,1,848,
904,3224,"<R>Evil Encyclopedia",30,0,0,0,60,1,100,1,0,
906,3173,"<R>Time Travel",70,0,0,0,60,0,100,1, 0 

 


