goldcool, 10,41,
6080,"Thunder ",1,0,95,1,0,1,60,0,600,1000,0,0,0,100,0,0,0,1,0,0,0,1118,0,0,1,0,59,30,57,-10,1,80,0,0,-1,0,0,0,0,
6080,"Thunder ",2,0,120,1,0,1,60,0,30000,30000,0,0,0,105,0,0,0,1,0,0,0,1118,0,0,1,0,59,30,57,-10,1,80,0,0,-1,0,0,0,0,
6080,"Thunder ",3,0,0,1,0,1,60,0,30000,30000,0,0,0,120,0,0,0,1,0,0,0,1118,0,0,1,0,59,30,57,-10,1,80,0,0,-1,0,0,0,0,
6080,"Thunder ",4,0,170,1,0,1,60,0,55,74,0,0,0,115,0,0,0,1,0,0,0,1118,0,0,1,0,59,30,57,-10,1,80,0,0,-1,0,0,0,0,
6080,"Thunder ",5,0,195,1,0,1,70,0,60,82,0,0,0,120,0,0,0,1,0,0,0,1118,0,0,1,0,59,30,57,-10,1,80,0,0,-1,0,0,0,0,
6080,"Thunder ",6,0,195,1,0,1,70,0,65,90,0,0,0,125,0,0,0,1,0,0,0,1118,0,0,1,0,59,30,57,-10,1,80,0,0,-1,0,0,0,0,
6080,"Thunder ",7,0,195,1,0,1,70,0,70,98,0,0,0,130,0,0,0,1,0,0,0,1118,0,0,1,0,59,30,57,-10,1,80,0,0,-1,0,0,0,0,
6080,"Thunder ",8,0,195,1,0,1,70,0,75,106,0,0,0,135,0,0,0,1,0,0,0,1118,0,0,1,0,59,30,57,-10,1,80,0,0,-1,0,0,0,0,
6080,"Thunder ",9,0,320,1,0,1,70,0,80,114,0,0,0,140,0,0,0,1,0,0,0,1118,0,0,1,0,59,30,57,-10,1,80,0,0,-1,0,0,0,0,
6080,"Thunder ",10,0,320,1,0,1,85,0,85,122,0,0,0,145,0,0,0,1,0,0,0,1118,0,0,1,0,59,30,57,-10,1,80,0,0,-1,0,0,0, 0 
