goldcool,301,301
1,Effect\Screen\dong1.gaf,0,0,0,0,0,0,0,0,0,0,0,
2,Effect\Screen\cavity01.gaf,0,0,0,0,0,0,0,0,0,0,0,
3,Effect\Screen\huopen.gaf,0,0,0,0,0,0,0,0,0,0,0,
4,Effect\Screen\huolu.gaf,0,0,0,0,0,0,0,0,0,0,0,
5,Effect\Screen\pubu1.gaf,0,0,0,0,0,0,0,0,0,0,0,
6,Effect\Screen\pubu2.gaf,0,0,0,0,0,0,0,0,0,0,0,
7,Role\Set_screen\00.gaf,0,0,0,0,0,0,0,0,0,0,0,
8,Effect\Screen\qipao.gaf,0,0,0,0,0,0,0,0,0,0,0,
9,Effect\Screen\shubiao1.gaf,0,0,0,0,0,0,0,0,0,0,0,
10,Effect\Screen\shubiao2.gaf,0,0,0,0,0,0,0,0,0,0,0,
11,Effect\Screen\shuiwen1.gaf,0,0,0,0,0,0,0,0,0,0,0,
12,Effect\Screen\shuiwen2.gaf,0,0,0,0,0,0,0,0,0,0,0,
13,Effect\Screen\shuiwen3.gaf,0,0,0,0,0,0,0,0,0,0,0,
14,Effect\Screen\shuiwen4.gaf,0,0,0,0,0,0,0,0,0,0,0,
15,Effect\Screen\shuiwen5.gaf,0,0,0,0,0,0,0,0,0,0,0,
16,Effect\Screen\yan.gaf,0,0,0,0,0,0,0,0,0,0,0,
17,Effect\Player\Eight_Diagrams.gaf,0,0,0,0,0,0,0,0,0,0,0,
18,Effect\Player\HP.gaf,0,0,0,0,0,0,0,0,0,0,0,
19,Effect\Player\lvup.gaf,0,0,0,0,0,0,0,0,0,0,0,
20,Effect\Player\MP.gaf,0,0,0,0,0,0,0,0,0,0,0,
21,Effect\Player\press.gaf,0,0,0,0,0,0,0,0,0,0,0,
22,Effect\Player\question.gaf,0,0,0,0,0,0,0,0,0,0,0,
23,Effect\Player\question_gray.gaf,0,0,0,0,0,0,0,0,0,0,0,
24,Effect\Player\resup.gaf,0,0,0,0,0,0,0,0,0,0,0,
25,Effect\Player\sigh.gaf,0,0,0,0,0,0,0,0,0,0,0,
26,Effect\Player\sigh_gray.gaf,0,0,0,0,0,0,0,0,0,0,0,
27,Effect\Player\SP.gaf,0,0,0,0,0,0,0,0,0,0,0,
28,Effect\Screen\shuiwen6.gaf,0,0,0,0,0,0,0,0,0,0,0,
29,Effect\Screen\shuiwen6f.gaf,0,0,0,0,0,0,0,0,0,0,0,
30,Effect\Screen\shuiwen1f.gaf,0,0,0,0,0,0,0,0,0,0,0,
31,Effect\Screen\shuiwen2f.gaf,0,0,0,0,0,0,0,0,0,0,0,
32,Effect\Screen\shuiwen3f.gaf,0,0,0,0,0,0,0,0,0,0,0,
33,Effect\Screen\shuiwen4f.gaf,0,0,0,0,0,0,0,0,0,0,0,
34,Effect\Screen\huodui.gaf,0,0,0,0,0,0,0,0,0,0,0,
35,Effect\Screen\hudie2.gaf,0,0,0,0,0,0,0,0,0,0,0,
36,Effect\Screen\chuansong.gaf,0,0,0,0,0,0,0,0,0,0,0,
37,Effect\Screen\hudie1.gaf,0,0,0,0,0,0,0,0,0,0,0,
38,Object\wall01.gaf,0,0,0,0,0,0,0,0,0,0,0,
39,Object\wall02.gaf,0,0,0,0,0,0,0,0,0,0,0,
40,Object\wall03.gaf,0,0,0,0,0,0,0,0,0,0,0,
41,Object\wall04.gaf,0,0,0,0,0,0,0,0,0,0,0,
42,Object\wall05.gaf,0,0,0,0,0,0,0,0,0,0,0,
43,Object\wall06.gaf,0,0,0,0,0,0,0,0,0,0,0,
44,Object\wall07.gaf,0,0,0,0,0,0,0,0,0,0,0,
45,Object\wall08.gaf,0,0,0,0,0,0,0,0,0,0,0,
46,Object\wall09.gaf,0,0,0,0,0,0,0,0,0,0,0,
47,Object\obj01.gaf,0,0,0,0,0,0,0,0,0,0,0,
48,Object\obj02.gaf,0,0,0,0,0,0,0,0,0,0,0,
49,Object\obj03.gaf,0,0,0,0,0,0,0,0,0,0,0,
50,Object\obj04.gaf,0,0,0,0,0,0,0,0,0,0,0,
51,Object\obj05.gaf,0,0,0,0,0,0,0,0,0,0,0,
52,Object\obj06.gaf,0,0,0,0,0,0,0,0,0,0,0,
53,Object\obj07.gaf,0,0,0,0,0,0,0,0,0,0,0,
54,Object\obj08.gaf,0,0,0,0,0,0,0,0,0,0,0,
55,Object\wall10.gaf,0,0,0,0,0,0,0,0,0,0,0,
56,Object\obj09.gaf,0,0,0,0,0,0,0,0,0,0,0,
57,Object\obj10.gaf,0,0,0,0,0,0,0,0,0,0,0,
58,Object\obj11.gaf,0,0,0,0,0,0,0,0,0,0,0,
59,Object\obj12.gaf,0,0,0,0,0,0,0,0,0,0,0,
60,Object\obj13.gaf,0,0,0,0,0,0,0,0,0,0,0,
61,Object\obj14.gaf,0,0,0,0,0,0,0,0,0,0,0,
62,Effect\Screen\baoshi2.gaf,0,0,0,0,0,0,0,0,0,0,0,
63,Effect\Screen\butterfly02.gaf,0,0,0,0,0,0,0,0,0,0,0,
64,Effect\Screen\butterfly01.gaf,0,0,0,0,0,0,0,0,0,0,0,
65,Effect\Screen\qiqiu.gaf,0,0,0,0,0,0,0,0,0,0,0,
66,Effect\Screen\butterfly.gaf,0,0,0,0,0,0,0,0,0,0,0,
67,Effect\Screen\screen.gaf,0,0,0,0,0,0,0,0,0,0,0,
68,Object\lh.gaf,0,0,0,0,0,0,0,0,0,0,0,
69,Object\tree01.gaf,0,0,0,0,0,0,0,0,0,0,0,
70,Object\qiqiu.gaf,0,0,0,0,0,0,0,0,0,0,0,
71,Object\nbcsd.gaf,0,0,0,0,0,0,0,0,0,0,0,
72,Object\qiao00.gaf,0,0,0,0,0,0,0,0,0,0,0,
73,Object\obj16.gaf,0,0,0,0,0,0,0,0,0,0,0,
74,Object\obj15.gaf,0,0,0,0,0,0,0,0,0,0,0,
75,Object\csobj1.gaf,0,0,0,0,0,0,0,0,0,0,0,
76,Object\csobj1l.gaf,0,0,0,0,0,0,0,0,0,0,0,
77,Object\csobj2.gaf,0,0,0,0,0,0,0,0,0,0,0,
78,Object\csobj3.gaf,0,0,0,0,0,0,0,0,0,0,0,
79,Object\csobj4.gaf,0,0,0,0,0,0,0,0,0,0,0,
80,Object\csobj5.gaf,0,0,0,0,0,0,0,0,0,0,0,
81,Object\csobj6.gaf,0,0,0,0,0,0,0,0,0,0,0,
82,Effect\Screen\center02.gaf,0,0,0,0,0,0,0,0,0,0,0,
83,Effect\Screen\center03.gaf,0,0,0,0,0,0,0,0,0,0,0,
84,Effect\Screen\center01.gaf,0,0,0,0,0,0,0,0,0,0,0,
85,Object\sx01.gaf,0,0,0,0,0,0,0,0,0,0,0,
86,Effect\Screen\baoshi3.gaf,0,0,0,0,0,0,0,0,0,0,0,
87,Object\door02.gaf,0,0,0,0,0,0,0,0,0,0,0,
88,Object\door02l.gaf,0,0,0,0,0,0,0,0,0,0,0,
89,Object\door03.gaf,0,0,0,0,0,0,0,0,0,0,0,
90,Object\door03l.gaf,0,0,0,0,0,0,0,0,0,0,0,
91,Object\qiao01.gaf,0,0,0,0,0,0,0,0,0,0,0,
92,Object\yg09l.gaf,0,0,0,0,0,0,0,0,0,0,0,
93,Object\yg01.gaf,0,0,0,0,0,0,0,0,0,0,0,
94,Object\yg01l.gaf,0,0,0,0,0,0,0,0,0,0,0,
95,Object\yg02.gaf,0,0,0,0,0,0,0,0,0,0,0,
96,Object\yg02l.gaf,0,0,0,0,0,0,0,0,0,0,0,
97,Object\yg03.gaf,0,0,0,0,0,0,0,0,0,0,0,
98,Object\yg03l.gaf,0,0,0,0,0,0,0,0,0,0,0,
99,Object\yg04.gaf,0,0,0,0,0,0,0,0,0,0,0,
100,Object\yg04l.gaf,0,0,0,0,0,0,0,0,0,0,0,
101,Object\yg05.gaf,0,0,0,0,0,0,0,0,0,0,0,
102,Object\yg05l.gaf,0,0,0,0,0,0,0,0,0,0,0,
103,Object\yg06.gaf,0,0,0,0,0,0,0,0,0,0,0,
104,Object\yg06l.gaf,0,0,0,0,0,0,0,0,0,0,0,
105,Object\yg07.gaf,0,0,0,0,0,0,0,0,0,0,0,
106,Object\yg07l.gaf,0,0,0,0,0,0,0,0,0,0,0,
107,Object\yg08.gaf,0,0,0,0,0,0,0,0,0,0,0,
108,Object\yg08l.gaf,0,0,0,0,0,0,0,0,0,0,0,
109,Object\yg09.gaf,0,0,0,0,0,0,0,0,0,0,0,
110,Object\men1.gaf,0,0,0,0,0,0,0,0,0,0,0,
111,Object\men2.gaf,0,0,0,0,0,0,0,0,0,0,0,
112,Object\menin2.gaf,0,0,0,0,0,0,0,0,0,0,0,
113,Object\menin1.gaf,0,0,0,0,0,0,0,0,0,0,0,
114,Object\yrcs.gaf,0,0,0,0,0,0,0,0,0,0,0,
115,Object\menzj.gaf,0,0,0,0,0,0,0,0,0,0,0,
116,Object\menzl.gaf,0,0,0,0,0,0,0,0,0,0,0,
117,Object\menzj1.gaf,0,0,0,0,0,0,0,0,0,0,0,
118,Object\menzl1.gaf,0,0,0,0,0,0,0,0,0,0,0,
119,Object\menzj2.gaf,0,0,0,0,0,0,0,0,0,0,0,
120,Object\menzj3.gaf,0,0,0,0,0,0,0,0,0,0,0,
121,Object\menzl2.gaf,0,0,0,0,0,0,0,0,0,0,0,
122,Object\menzj4.gaf,0,0,0,0,0,0,0,0,0,0,0,
123,Object\menzj5.gaf,0,0,0,0,0,0,0,0,0,0,0,
124,Object\menzj6.gaf,0,0,0,0,0,0,0,0,0,0,0,
125,Object\menzj7.gaf,0,0,0,0,0,0,0,0,0,0,0,
126,Effect\Screen\ronglu_xin.gaf,0,0,0,0,0,0,0,0,0,0,0,
127,Effect\Screen\csz_xin.gaf,0,0,0,0,0,0,0,0,0,0,0,
128,Effect\Screen\penquan_xin.gaf,0,0,0,0,0,0,0,0,0,0,0,
129,Effect\Screen\csz_zhu.gaf,0,0,0,0,0,0,0,0,0,0,0,
130,Effect\Screen\dengzhu_zhu.gaf,0,0,0,0,0,0,0,0,0,0,0,
131,Effect\Screen\cloud.gaf,0,0,0,0,0,0,0,0,0,0,0,
132,Object\wall11.gaf,0,0,0,0,0,0,0,0,0,0,0,
133,Effect\Screen\sdcsz.gaf,0,0,0,0,0,0,0,0,0,0,0,
134,Effect\Screen\sdcsh.gaf,0,0,0,0,0,0,0,0,0,0,0,
135,jiaju\114501.gaf,0,0,0,0,0,0,0,0,0,0,0,
136,jiaju\1.gaf,0,0,0,0,0,0,0,0,0,0,0,
137,jiaju\2.gaf,0,0,0,0,0,0,0,0,0,0,0,
138,jiaju\3.gaf,0,0,0,0,0,0,0,0,0,0,0,
139,jiaju\50.gaf,0,0,0,0,0,0,0,0,0,0,0,
140,jiaju\51.gaf,0,0,0,0,0,0,0,0,0,0,0,
141,jiaju\52.gaf,0,0,0,0,0,0,0,0,0,0,0,
142,jiaju\53.gaf,0,0,0,0,0,0,0,0,0,0,0,
143,jiaju\101.gaf,0,0,0,0,0,0,0,0,0,0,0,
144,jiaju\102.gaf,0,0,0,0,0,0,0,0,0,0,0,
145,jiaju\103.gaf,0,0,0,0,0,0,0,0,0,0,0,
146,jiaju\151.gaf,0,0,0,0,0,0,0,0,0,0,0,
147,jiaju\152.gaf,0,0,0,0,0,0,0,0,0,0,0,
148,jiaju\153.gaf,0,0,0,0,0,0,0,0,0,0,0,
149,jiaju\200.gaf,0,0,0,0,0,0,0,0,0,0,0,
150,jiaju\201.gaf,0,0,0,0,0,0,0,0,0,0,0,
151,jiaju\202.gaf,0,0,0,0,0,0,0,0,0,0,0,
152,jiaju\203.gaf,0,0,0,0,0,0,0,0,0,0,0,
153,jiaju\251.gaf,0,0,0,0,0,0,0,0,0,0,0,
154,jiaju\252.gaf,0,0,0,0,0,0,0,0,0,0,0,
155,jiaju\253.gaf,0,0,0,0,0,0,0,0,0,0,0,
156,jiaju\301.gaf,0,0,0,0,0,0,0,0,0,0,0,
157,jiaju\302.gaf,0,0,0,0,0,0,0,0,0,0,0,
158,jiaju\303.gaf,0,0,0,0,0,0,0,0,0,0,0,
159,jiaju\304.gaf,0,0,0,0,0,0,0,0,0,0,0,
160,jiaju\351.gaf,0,0,0,0,0,0,0,0,0,0,0,
161,jiaju\352.gaf,0,0,0,0,0,0,0,0,0,0,0,
162,jiaju\401.gaf,0,0,0,0,0,0,0,0,0,0,0,
163,jiaju\402.gaf,0,0,0,0,0,0,0,0,0,0,0,
164,jiaju\451.gaf,0,0,0,0,0,0,0,0,0,0,0,
165,jiaju\452.gaf,0,0,0,0,0,0,0,0,0,0,0,
166,jiaju\453.gaf,0,0,0,0,0,0,0,0,0,0,0,
167,jiaju\454.gaf,0,0,0,0,0,0,0,0,0,0,0,
168,jiaju\455.gaf,0,0,0,0,0,0,0,0,0,0,0,
169,jiaju\501.gaf,0,0,0,0,0,0,0,0,0,0,0,
170,jiaju\502.gaf,0,0,0,0,0,0,0,0,0,0,0,
171,jiaju\503.gaf,0,0,0,0,0,0,0,0,0,0,0,
172,jiaju\504.gaf,0,0,0,0,0,0,0,0,0,0,0,
173,jiaju\505.gaf,0,0,0,0,0,0,0,0,0,0,0,
174,jiaju\551.gaf,0,0,0,0,0,0,0,0,0,0,0,
175,jiaju\552.gaf,0,0,0,0,0,0,0,0,0,0,0,
176,jiaju\553.gaf,0,0,0,0,0,0,0,0,0,0,0,
177,jiaju\554.gaf,0,0,0,0,0,0,0,0,0,0,0,
178,jiaju\601.gaf,0,0,0,0,0,0,0,0,0,0,0,
179,jiaju\602.gaf,0,0,0,0,0,0,0,0,0,0,0,
180,jiaju\603.gaf,0,0,0,0,0,0,0,0,0,0,0,
181,jiaju\604.gaf,0,0,0,0,0,0,0,0,0,0,0,
182,jiaju\651.gaf,0,0,0,0,0,0,0,0,0,0,0,
183,jiaju\652.gaf,0,0,0,0,0,0,0,0,0,0,0,
184,jiaju\653.gaf,0,0,0,0,0,0,0,0,0,0,0,
185,jiaju\654.gaf,0,0,0,0,0,0,0,0,0,0,0,
186,jiaju\655.gaf,0,0,0,0,0,0,0,0,0,0,0,
187,jiaju\701.gaf,0,0,0,0,0,0,0,0,0,0,0,
188,jiaju\702.gaf,0,0,0,0,0,0,0,0,0,0,0,
189,jiaju\703.gaf,0,0,0,0,0,0,0,0,0,0,0,
190,jiaju\704.gaf,0,0,0,0,0,0,0,0,0,0,0,
191,jiaju\705.gaf,0,0,0,0,0,0,0,0,0,0,0,
192,jiaju\1001.gaf,0,0,0,0,0,0,0,0,0,0,0,
193,jiaju\1002.gaf,0,0,0,0,0,0,0,0,0,0,0,
194,jiaju\1003.gaf,0,0,0,0,0,0,0,0,0,0,0,
195,jiaju\1004.gaf,0,0,0,0,0,0,0,0,0,0,0,
196,jiaju\1051.gaf,0,0,0,0,0,0,0,0,0,0,0,
197,jiaju\1052.gaf,0,0,0,0,0,0,0,0,0,0,0,
198,jiaju\1053.gaf,0,0,0,0,0,0,0,0,0,0,0,
199,jiaju\1054.gaf,0,0,0,0,0,0,0,0,0,0,0,
200,jiaju\2001.gaf,0,0,0,0,0,0,0,0,0,0,0,
201,jiaju\2051.gaf,0,0,0,0,0,0,0,0,0,0,0,
202,jiaju\3001.gaf,0,0,0,0,0,0,0,0,0,0,0,
203,jiaju\3051.gaf,0,0,0,0,0,0,0,0,0,0,0,
204,jiaju\3501.gaf,0,0,0,0,0,0,0,0,0,0,0,
205,jiaju\4001.gaf,0,0,0,0,0,0,0,0,0,0,0,
206,jiaju\4002.gaf,0,0,0,0,0,0,0,0,0,0,0,
207,jiaju\4501.gaf,0,0,0,0,0,0,0,0,0,0,0,
208,jiaju\4502.gaf,0,0,0,0,0,0,0,0,0,0,0,
209,jiaju\5001.gaf,0,0,0,0,0,0,0,0,0,0,0,
210,jiaju\5002.gaf,0,0,0,0,0,0,0,0,0,0,0,
211,jiaju\5501.gaf,0,0,0,0,0,0,0,0,0,0,0,
212,jiaju\5502.gaf,0,0,0,0,0,0,0,0,0,0,0,
213,jiaju\6001.gaf,0,0,0,0,0,0,0,0,0,0,0,
214,jiaju\6002.gaf,0,0,0,0,0,0,0,0,0,0,0,
215,jiaju\6003.gaf,0,0,0,0,0,0,0,0,0,0,0,
216,jiaju\6501.gaf,0,0,0,0,0,0,0,0,0,0,0,
217,jiaju\6502.gaf,0,0,0,0,0,0,0,0,0,0,0,
218,jiaju\6504.gaf,0,0,0,0,0,0,0,0,0,0,0,
219,jiaju\7001.gaf,0,0,0,0,0,0,0,0,0,0,0,
220,jiaju\7501.gaf,0,0,0,0,0,0,0,0,0,0,0,
221,jiaju\8001.gaf,0,0,0,0,0,0,0,0,0,0,0,
222,jiaju\8002.gaf,0,0,0,0,0,0,0,0,0,0,0,
223,jiaju\8501.gaf,0,0,0,0,0,0,0,0,0,0,0,
224,jiaju\9001.gaf,0,0,0,0,0,0,0,0,0,0,0,
225,jiaju\9501.gaf,0,0,0,0,0,0,0,0,0,0,0,
226,jiaju\9502.gaf,0,0,0,0,0,0,0,0,0,0,0,
227,jiaju\10001.gaf,0,0,0,0,0,0,0,0,0,0,0,
228,jiaju\100501.gaf,0,0,0,0,0,0,0,0,0,0,0,
229,jiaju\101001.gaf,0,0,0,0,0,0,0,0,0,0,0,
230,jiaju\101002.gaf,0,0,0,0,0,0,0,0,0,0,0,
231,jiaju\101003.gaf,0,0,0,0,0,0,0,0,0,0,0,
232,jiaju\101004.gaf,0,0,0,0,0,0,0,0,0,0,0,
233,jiaju\101501.gaf,0,0,0,0,0,0,0,0,0,0,0,
234,jiaju\101502.gaf,0,0,0,0,0,0,0,0,0,0,0,
235,jiaju\101503.gaf,0,0,0,0,0,0,0,0,0,0,0,
236,jiaju\101504.gaf,0,0,0,0,0,0,0,0,0,0,0,
237,jiaju\102001.gaf,0,0,0,0,0,0,0,0,0,0,0,
238,jiaju\102002.gaf,0,0,0,0,0,0,0,0,0,0,0,
239,jiaju\102501.gaf,0,0,0,0,0,0,0,0,0,0,0,
240,jiaju\102502.gaf,0,0,0,0,0,0,0,0,0,0,0,
241,jiaju\103001.gaf,0,0,0,0,0,0,0,0,0,0,0,
242,jiaju\103002.gaf,0,0,0,0,0,0,0,0,0,0,0,
243,jiaju\103501.gaf,0,0,0,0,0,0,0,0,0,0,0,
244,jiaju\103502.gaf,0,0,0,0,0,0,0,0,0,0,0,
245,jiaju\104001.gaf,0,0,0,0,0,0,0,0,0,0,0,
246,jiaju\104002.gaf,0,0,0,0,0,0,0,0,0,0,0,
247,jiaju\104003.gaf,0,0,0,0,0,0,0,0,0,0,0,
248,jiaju\104501.gaf,0,0,0,0,0,0,0,0,0,0,0,
249,jiaju\105001.gaf,0,0,0,0,0,0,0,0,0,0,0,
250,jiaju\105002.gaf,0,0,0,0,0,0,0,0,0,0,0,
251,jiaju\105003.gaf,0,0,0,0,0,0,0,0,0,0,0,
252,jiaju\105004.gaf,0,0,0,0,0,0,0,0,0,0,0,
253,jiaju\105501.gaf,0,0,0,0,0,0,0,0,0,0,0,
254,jiaju\105502.gaf,0,0,0,0,0,0,0,0,0,0,0,
255,jiaju\105503.gaf,0,0,0,0,0,0,0,0,0,0,0,
256,jiaju\105504.gaf,0,0,0,0,0,0,0,0,0,0,0,
257,jiaju\106001.gaf,0,0,0,0,0,0,0,0,0,0,0,
258,jiaju\106002.gaf,0,0,0,0,0,0,0,0,0,0,0,
259,jiaju\106501.gaf,0,0,0,0,0,0,0,0,0,0,0,
260,jiaju\106502.gaf,0,0,0,0,0,0,0,0,0,0,0,
261,jiaju\107001.gaf,0,0,0,0,0,0,0,0,0,0,0,
262,jiaju\107002.gaf,0,0,0,0,0,0,0,0,0,0,0,
263,jiaju\107501.gaf,0,0,0,0,0,0,0,0,0,0,0,
264,jiaju\107502.gaf,0,0,0,0,0,0,0,0,0,0,0,
265,jiaju\108001.gaf,0,0,0,0,0,0,0,0,0,0,0,
266,jiaju\108501.gaf,0,0,0,0,0,0,0,0,0,0,0,
267,jiaju\108502.gaf,0,0,0,0,0,0,0,0,0,0,0,
268,jiaju\109001.gaf,0,0,0,0,0,0,0,0,0,0,0,
269,jiaju\109002.gaf,0,0,0,0,0,0,0,0,0,0,0,
270,jiaju\109501.gaf,0,0,0,0,0,0,0,0,0,0,0,
271,jiaju\109502.gaf,0,0,0,0,0,0,0,0,0,0,0,
272,jiaju\110001.gaf,0,0,0,0,0,0,0,0,0,0,0,
273,jiaju\110002.gaf,0,0,0,0,0,0,0,0,0,0,0,
274,jiaju\110501.gaf,0,0,0,0,0,0,0,0,0,0,0,
275,jiaju\110502.gaf,0,0,0,0,0,0,0,0,0,0,0,
276,jiaju\111001.gaf,0,0,0,0,0,0,0,0,0,0,0,
277,jiaju\111002.gaf,0,0,0,0,0,0,0,0,0,0,0,
278,jiaju\111501.gaf,0,0,0,0,0,0,0,0,0,0,0,
279,jiaju\111502.gaf,0,0,0,0,0,0,0,0,0,0,0,
280,jiaju\112001.gaf,0,0,0,0,0,0,0,0,0,0,0,
281,jiaju\112002.gaf,0,0,0,0,0,0,0,0,0,0,0,
282,jiaju\112501.gaf,0,0,0,0,0,0,0,0,0,0,0,
283,jiaju\112502.gaf,0,0,0,0,0,0,0,0,0,0,0,
284,jiaju\112503.gaf,0,0,0,0,0,0,0,0,0,0,0,
285,jiaju\113001.gaf,0,0,0,0,0,0,0,0,0,0,0,
286,jiaju\113002.gaf,0,0,0,0,0,0,0,0,0,0,0,
287,jiaju\113003.gaf,0,0,0,0,0,0,0,0,0,0,0,
288,jiaju\113501.gaf,0,0,0,0,0,0,0,0,0,0,0,
289,jiaju\113502.gaf,0,0,0,0,0,0,0,0,0,0,0,
290,jiaju\114001.gaf,0,0,0,0,0,0,0,0,0,0,0,
291,jiaju\114002.gaf,0,0,0,0,0,0,0,0,0,0,0,
292,Object\hd1.gaf,0,0,0,0,0,0,0,0,0,0,0,
293,Object\hd2.gaf,0,0,0,0,0,0,0,0,0,0,0,
294,Object\hd3.gaf,0,0,0,0,0,0,0,0,0,0,0,
295,Object\hd4.gaf,0,0,0,0,0,0,0,0,0,0,0,
296,Object\hd.gaf,0,0,0,0,0,0,0,0,0,0,0,
297,Object\hdf1.gaf,0,0,0,0,0,0,0,0,0,0,0,
298,Object\hdf2.gaf,0,0,0,0,0,0,0,0,0,0,0,
299,Object\hdf3.gaf,0,0,0,0,0,0,0,0,0,0,0,
300,Object\hdf4.gaf,0,0,0,0,0,0,0,0,0,0,0,
301,Object\hdf.gaf,0,0,0,0,0,0,0,0,0,0,0,
