goldcool, 1190,17,
"ЪѓФа",1001,"M_A_A_0001",1,10001,0,0,0,0,0,0,0,0,0,0,0,0,
"ЪѓХЎ",1002,"M_A_A_0002",1,10001,0,0,0,0,0,0,0,0,0,0,0,0,
"ХЃФа",1003,"M_B_A_0001",1,10001,0,0,0,0,0,0,0,0,0,0,0,0,
"ХЃХЎ",1004,"M_B_A_0002",1,10001,0,0,0,0,0,0,0,0,0,0,0,0,
"ЛЂФа",1005,"M_C_A_0001",1,10001,0,0,0,0,0,0,0,0,0,0,0,0,
"ЛЂХЎ",1006,"M_C_A_0002",1,10001,0,0,0,0,0,0,0,0,0,0,0,0,
"ЭУФа",1007,"M_D_A_0001",1,10001,0,0,0,0,0,0,0,0,0,0,0,0,
"ЭУХЎ",1008,"M_D_A_0002",1,10001,0,0,0,0,0,0,0,0,0,0,0,0,
"СњФа",1009,"M_E_A_0001",1,10001,0,0,0,0,0,0,0,0,0,0,0,0,
"СњХЎ",1010,"M_E_A_0002",1,10001,0,0,0,0,0,0,0,0,0,0,0,0,
"ЩпФа",1011,"M_F_A_0001",1,10001,0,0,0,0,0,0,0,0,0,0,0,0,
"ЩпХЎ",1012,"M_F_A_0002",1,10001,0,0,0,0,0,0,0,0,0,0,0,0,
"ТэФа",1013,"M_G_A_0001",1,10001,0,0,0,0,0,0,0,0,0,0,0,0,
"ТэХЎ",1014,"M_G_A_0002",1,10001,0,0,0,0,0,0,0,0,0,0,0,0,
"бђФа",1015,"M_H_A_0001",1,10001,0,0,0,0,0,0,0,0,0,0,0,0,
"бђХЎ",1016,"M_H_A_0002",1,10001,0,0,0,0,0,0,0,0,0,0,0,0,
"КяФа",1017,"M_I_A_0001",1,10001,0,0,0,0,0,0,0,0,0,0,0,0,
"КяХЎ",1018,"M_I_A_0002",1,10001,0,0,0,0,0,0,0,0,0,0,0,0,
"МІФа",1019,"M_J_A_0001",1,10001,0,0,0,0,0,0,0,0,0,0,0,0,
"МІХЎ",1020,"M_J_A_0002",1,10001,0,0,0,0,0,0,0,0,0,0,0,0,
"ЙЗФа",1021,"M_K_A_0001",1,10001,0,0,0,0,0,0,0,0,0,0,0,0,
"ЙЗХЎ",1022,"M_K_A_0002",1,10001,0,0,0,0,0,0,0,0,0,0,0,0,
"жэФа",1023,"M_L_A_0001",1,10001,0,0,0,0,0,0,0,0,0,0,0,0,
"жэХЎ",1024,"M_L_A_0002",1,10001,0,0,0,0,0,0,0,0,0,0,0,0,
"Ъѓ1",2001,"C_A_A_0001",1,10001,0,0,0,0,0,0,0,0,0,0,0,0,
"ХЃ1",2002,"C_B_A_0001",1,10001,0,0,0,0,0,0,0,0,0,0,0,0,
"ЛЂ1",2003,"C_C_A_0001",1,10001,0,0,0,0,0,0,0,0,0,0,0,0,
"ЭУ1",2004,"C_D_A_0001",1,10001,0,0,0,0,0,0,0,0,0,0,0,0,
"Сњ1",2005,"C_E_A_0001",1,10001,0,0,0,0,0,0,0,0,0,0,0,0,
"Щп1",2006,"C_F_A_0001",1,10001,0,0,0,0,0,0,0,0,0,0,0,0,
"Тэ1",2007,"C_G_A_0001",1,10001,0,0,0,0,0,0,0,0,0,0,0,0,
"бђ1",2008,"C_H_A_0001",1,10001,0,0,0,0,0,0,0,0,0,0,0,0,
"Кя1",2009,"C_I_A_0001",1,10001,0,0,0,0,0,0,0,0,0,0,0,0,
"МІ1",2010,"C_J_A_0001",1,10001,0,0,0,0,0,0,0,0,0,0,0,0,
"ЙЗ1",2011,"C_K_A_0001",1,10001,0,0,0,0,0,0,0,0,0,0,0,0,
"жэ1",2012,"C_L_A_0001",1,10001,0,0,0,0,0,0,0,0,0,0,0,0,
"Ъѓ2",2013,"C_A_A_0002",1,10001,0,0,0,0,0,0,0,0,0,0,0,0,
"ХЃ2",2014,"C_B_A_0002",1,10001,0,0,0,0,0,0,0,0,0,0,0,0,
"ЛЂ2",2015,"C_C_A_0002",1,10001,0,0,0,0,0,0,0,0,0,0,0,0,
"ЭУ2",2016,"C_D_A_0002",1,10001,0,0,0,0,0,0,0,0,0,0,0,0,
"Сњ2",2017,"C_E_A_0002",1,10001,0,0,0,0,0,0,0,0,0,0,0,0,
"Щп2",2018,"C_F_A_0002",1,10001,0,0,0,0,0,0,0,0,0,0,0,0,
"Тэ2",2019,"C_G_A_0002",1,10001,0,0,0,0,0,0,0,0,0,0,0,0,
"бђ2",2020,"C_H_A_0002",1,10001,0,0,0,0,0,0,0,0,0,0,0,0,
"Кя2",2021,"C_I_A_0002",1,10001,0,0,0,0,0,0,0,0,0,0,0,0,
"МІ2",2022,"C_J_A_0002",1,10001,0,0,0,0,0,0,0,0,0,0,0,0,
"ЙЗ2",2023,"C_K_A_0002",1,10001,0,0,0,0,0,0,0,0,0,0,0,0,
"жэ2",2024,"C_L_A_0002",1,10001,0,0,0,0,0,0,0,0,0,0,0,0,
"Ъѓ31",2025,"C_A_A_0103",1,10001,0,0,0,0,0,0,0,0,0,0,0,0,
"ХЃ31",2026,"C_B_A_0103",1,10001,0,0,0,0,0,0,0,0,0,0,0,0,
"ЛЂ31",2027,"C_C_A_0103",1,10001,0,0,0,0,0,0,0,0,0,0,0,0,
"ЭУ31",2028,"C_D_A_0103",1,10001,0,0,0,0,0,0,0,0,0,0,0,0,
"Сњ31",2029,"C_E_A_0103",1,10001,0,0,0,0,0,0,0,0,0,0,0,0,
"Щп31",2030,"C_F_A_0103",1,10001,0,0,0,0,0,0,0,0,0,0,0,0,
"Тэ31",2031,"C_G_A_0103",1,10001,0,0,0,0,0,0,0,0,0,0,0,0,
"бђ31",2032,"C_H_A_0103",1,10001,0,0,0,0,0,0,0,0,0,0,0,0,
"Кя31",2033,"C_I_A_0103",1,10001,0,0,0,0,0,0,0,0,0,0,0,0,
"МІ31",2034,"C_J_A_0103",1,10001,0,0,0,0,0,0,0,0,0,0,0,0,
"ЙЗ31",2035,"C_K_A_0103",1,10001,0,0,0,0,0,0,0,0,0,0,0,0,
"жэ31",2036,"C_L_A_0103",1,10001,0,0,0,0,0,0,0,0,0,0,0,0,
"Ъѓ32",2037,"C_A_A_0203",1,10001,0,0,0,0,0,0,0,0,0,0,0,0,
"ХЃ32",2038,"C_B_A_0203",1,10001,0,0,0,0,0,0,0,0,0,0,0,0,
"ЛЂ32",2039,"C_C_A_0203",1,10001,0,0,0,0,0,0,0,0,0,0,0,0,
"ЭУ32",2040,"C_D_A_0203",1,10001,0,0,0,0,0,0,0,0,0,0,0,0,
"Сњ32",2041,"C_E_A_0203",1,10001,0,0,0,0,0,0,0,0,0,0,0,0,
"Щп32",2042,"C_F_A_0203",1,10001,0,0,0,0,0,0,0,0,0,0,0,0,
"Тэ32",2043,"C_G_A_0203",1,10001,0,0,0,0,0,0,0,0,0,0,0,0,
"бђ32",2044,"C_H_A_0203",1,10001,0,0,0,0,0,0,0,0,0,0,0,0,
"Кя32",2045,"C_I_A_0203",1,10001,0,0,0,0,0,0,0,0,0,0,0,0,
"МІ32",2046,"C_J_A_0203",1,10001,0,0,0,0,0,0,0,0,0,0,0,0,
"ЙЗ32",2047,"C_K_A_0203",1,10001,0,0,0,0,0,0,0,0,0,0,0,0,
"жэ32",2048,"C_L_A_0203",1,10001,0,0,0,0,0,0,0,0,0,0,0,0,
"Ъѓ30",2049,"C_A_A_0002",1,10001,0,0,0,0,0,0,0,0,0,0,0,0,
"ХЃ30",2050,"C_B_A_0002",1,10001,0,0,0,0,0,0,0,0,0,0,0,0,
"ЛЂ30",2051,"C_C_A_0002",1,10001,0,0,0,0,0,0,0,0,0,0,0,0,
"ЭУ30",2052,"C_D_A_0002",1,10001,0,0,0,0,0,0,0,0,0,0,0,0,
"Сњ30",2053,"C_E_A_0002",1,10001,0,0,0,0,0,0,0,0,0,0,0,0,
"Щп30",2054,"C_F_A_0002",1,10001,0,0,0,0,0,0,0,0,0,0,0,0,
"Тэ30",2055,"C_G_A_0002",1,10001,0,0,0,0,0,0,0,0,0,0,0,0,
"бђ30",2056,"C_H_A_0002",1,10001,0,0,0,0,0,0,0,0,0,0,0,0,
"Кя30",2057,"C_I_A_0002",1,10001,0,0,0,0,0,0,0,0,0,0,0,0,
"МІ30",2058,"C_J_A_0002",1,10001,0,0,0,0,0,0,0,0,0,0,0,0,
"ЙЗ30",2059,"C_K_A_0002",1,10001,0,0,0,0,0,0,0,0,0,0,0,0,
"жэ30",2060,"C_L_A_0002",1,10001,0,0,0,0,0,0,0,0,0,0,0,0,
"Ъѓ1",2061,"C_A_A_0001",1,10001,0,0,0,0,0,0,0,0,0,0,1257,1257,
"ХЃ1",2062,"C_B_A_0001",1,10001,0,0,0,0,0,0,0,0,0,0,1257,1257,
"ЛЂ1",2063,"C_C_A_0001",1,10001,0,0,0,0,0,0,0,0,0,0,1257,1257,
"ЭУ1",2064,"C_D_A_0001",1,10001,0,0,0,0,0,0,0,0,0,0,1257,1257,
"Сњ1",2065,"C_E_A_0001",1,10001,0,0,0,0,0,0,0,0,0,0,1257,1257,
"Щп1",2066,"C_F_A_0001",1,10001,0,0,0,0,0,0,0,0,0,0,1257,1257,
"Тэ1",2067,"C_G_A_0001",1,10001,0,0,0,0,0,0,0,0,0,0,1257,1257,
"бђ1",2068,"C_H_A_0001",1,10001,0,0,0,0,0,0,0,0,0,0,1257,1257,
"Кя1",2069,"C_I_A_0001",1,10001,0,0,0,0,0,0,0,0,0,0,1257,1257,
"МІ1",2070,"C_J_A_0001",1,10001,0,0,0,0,0,0,0,0,0,0,1257,1257,
"ЙЗ1",2071,"C_K_A_0001",1,10001,0,0,0,0,0,0,0,0,0,0,1257,1257,
"жэ1",2072,"C_L_A_0001",1,10001,0,0,0,0,0,0,0,0,0,0,1257,1257,
"Ъѓ2",2073,"C_A_A_0002",1,10001,0,0,0,0,0,0,0,0,0,0,1256,1256,
"ХЃ2",2074,"C_B_A_0002",1,10001,0,0,0,0,0,0,0,0,0,0,1256,1256,
"ЛЂ2",2075,"C_C_A_0002",1,10001,0,0,0,0,0,0,0,0,0,0,1256,1256,
"ЭУ2",2076,"C_D_A_0002",1,10001,0,0,0,0,0,0,0,0,0,0,1256,1256,
"Сњ2",2077,"C_E_A_0002",1,10001,0,0,0,0,0,0,0,0,0,0,1256,1256,
"Щп2",2078,"C_F_A_0002",1,10001,0,0,0,0,0,0,0,0,0,0,1256,1256,
"Тэ2",2079,"C_G_A_0002",1,10001,0,0,0,0,0,0,0,0,0,0,1256,1256,
"бђ2",2080,"C_H_A_0002",1,10001,0,0,0,0,0,0,0,0,0,0,1256,1256,
"Кя2",2081,"C_I_A_0002",1,10001,0,0,0,0,0,0,0,0,0,0,1256,1256,
"МІ2",2082,"C_J_A_0002",1,10001,0,0,0,0,0,0,0,0,0,0,1256,1256,
"ЙЗ2",2083,"C_K_A_0002",1,10001,0,0,0,0,0,0,0,0,0,0,1256,1256,
"жэ2",2084,"C_L_A_0002",1,10001,0,0,0,0,0,0,0,0,0,0,1256,1256,
"Ъѓ31",2085,"C_A_A_0103",1,10001,0,0,0,0,0,0,0,0,0,0,1254,1254,
"ХЃ31",2086,"C_B_A_0103",1,10001,0,0,0,0,0,0,0,0,0,0,1254,1254,
"ЛЂ31",2087,"C_C_A_0103",1,10001,0,0,0,0,0,0,0,0,0,0,1254,1254,
"ЭУ31",2088,"C_D_A_0103",1,10001,0,0,0,0,0,0,0,0,0,0,1254,1254,
"Сњ31",2089,"C_E_A_0103",1,10001,0,0,0,0,0,0,0,0,0,0,1254,1254,
"Щп31",2090,"C_F_A_0103",1,10001,0,0,0,0,0,0,0,0,0,0,1254,1254,
"Тэ31",2091,"C_G_A_0103",1,10001,0,0,0,0,0,0,0,0,0,0,1254,1254,
"бђ31",2092,"C_H_A_0103",1,10001,0,0,0,0,0,0,0,0,0,0,1254,1254,
"Кя31",2093,"C_I_A_0103",1,10001,0,0,0,0,0,0,0,0,0,0,1254,1254,
"МІ31",2094,"C_J_A_0103",1,10001,0,0,0,0,0,0,0,0,0,0,1254,1254,
"ЙЗ31",2095,"C_K_A_0103",1,10001,0,0,0,0,0,0,0,0,0,0,1254,1254,
"жэ31",2096,"C_L_A_0103",1,10001,0,0,0,0,0,0,0,0,0,0,1254,1254,
"Ъѓ32",2097,"C_A_A_0203",1,10001,0,0,0,0,0,0,0,0,0,0,1254,1254,
"ХЃ32",2098,"C_B_A_0203",1,10001,0,0,0,0,0,0,0,0,0,0,1254,1254,
"ЛЂ32",2099,"C_C_A_0203",1,10001,0,0,0,0,0,0,0,0,0,0,1254,1254,
"ЭУ32",2100,"C_D_A_0203",1,10001,0,0,0,0,0,0,0,0,0,0,1254,1254,
"Сњ32",2101,"C_E_A_0203",1,10001,0,0,0,0,0,0,0,0,0,0,1254,1254,
"Щп32",2102,"C_F_A_0203",1,10001,0,0,0,0,0,0,0,0,0,0,1254,1254,
"Тэ32",2103,"C_G_A_0203",1,10001,0,0,0,0,0,0,0,0,0,0,1254,1254,
"бђ32",2104,"C_H_A_0203",1,10001,0,0,0,0,0,0,0,0,0,0,1254,1254,
"Кя32",2105,"C_I_A_0203",1,10001,0,0,0,0,0,0,0,0,0,0,1254,1254,
"МІ32",2106,"C_J_A_0203",1,10001,0,0,0,0,0,0,0,0,0,0,1254,1254,
"ЙЗ32",2107,"C_K_A_0203",1,10001,0,0,0,0,0,0,0,0,0,0,1254,1254,
"жэ32",2108,"C_L_A_0203",1,10001,0,0,0,0,0,0,0,0,0,0,1254,1254,
"Ъѓ30",2109,"C_A_A_0002",1,10001,0,0,0,0,0,0,0,0,0,0,1258,1258,
"ХЃ30",2110,"C_B_A_0002",1,10001,0,0,0,0,0,0,0,0,0,0,1258,1258,
"ЛЂ30",2111,"C_C_A_0002",1,10001,0,0,0,0,0,0,0,0,0,0,1258,1258,
"ЭУ30",2112,"C_D_A_0002",1,10001,0,0,0,0,0,0,0,0,0,0,1258,1258,
"Сњ30",2113,"C_E_A_0002",1,10001,0,0,0,0,0,0,0,0,0,0,1258,1258,
"Щп30",2114,"C_F_A_0002",1,10001,0,0,0,0,0,0,0,0,0,0,1258,1258,
"Тэ30",2115,"C_G_A_0002",1,10001,0,0,0,0,0,0,0,0,0,0,1258,1258,
"бђ30",2116,"C_H_A_0002",1,10001,0,0,0,0,0,0,0,0,0,0,1258,1258,
"Кя30",2117,"C_I_A_0002",1,10001,0,0,0,0,0,0,0,0,0,0,1258,1258,
"МІ30",2118,"C_J_A_0002",1,10001,0,0,0,0,0,0,0,0,0,0,1258,1258,
"ЙЗ30",2119,"C_K_A_0002",1,10001,0,0,0,0,0,0,0,0,0,0,1258,1258,
"жэ30",2120,"C_L_A_0002",1,10001,0,0,0,0,0,0,0,0,0,0,1258,1258,
"гАзг",10001,10001,1,0,0,0,0,0,0,0,0,0,0,0,0,0,
"ВжПтЙмРэдБ",3001,"M_N_A_cangkuguanliyuan",1,10001,0,0,0,0,0,0,0,0,0,0,0,0,
"ДЋЫЭЧрЭм",3002,"M_N_A_chuansongqingwa",1,10001,0,0,0,0,0,0,0,0,0,0,0,0,
"ДхУё",3003,"M_N_A_cunming",1,10001,0,0,0,0,0,0,0,0,0,0,0,0,
"ЕРОпЪІ",3004,"M_N_A_daojushi",1,10001,0,0,0,0,0,0,0,0,0,0,0,0,
"ДѓЩє",3005,"M_N_A_dashen",1,10001,0,0,0,0,0,0,0,0,0,0,0,0,
"ЕфЕБдБ",3006,"M_N_A_diandangyuan",1,10001,0,0,0,0,0,0,0,0,0,0,0,0,
"ЕъаЁЖў",3007,"M_N_A_dianxiao2",1,10001,0,0,0,0,0,0,0,0,0,0,0,0,
"ЗўзАЕъРЯАх",3008,"M_N_A_fuzhuangdianlaoban",1,10001,0,0,0,0,0,0,0,0,0,0,0,0,
"ЙѓзхФа",3009,"M_N_A_guizunan",1,10001,0,0,0,0,0,0,0,0,0,0,0,0,
"ЙѓзхХЎ",3010,"M_N_A_guizunv",1,10001,0,0,0,0,0,0,0,0,0,0,0,0,
"ЙУФя",3011,"M_N_A_guniang",1,10001,0,0,0,0,0,0,0,0,0,0,0,0,
"КўЩё",3012,"M_N_A_hushen",1,10001,0,0,0,0,0,0,0,0,0,0,0,0,
"НЋСь",3013,"M_N_A_jiangling",1,10001,0,0,0,0,0,0,0,0,0,0,0,0,
"МщЩЬ",3014,"M_N_A_jianshang",1,10001,0,0,0,0,0,0,0,0,0,0,0,0,
"ММФмЪІ",3015,"M_N_A_jinengshi",1,10001,0,0,0,0,0,0,0,0,0,0,0,0,
"ПЭеЛеЦЙё",3016,"M_N_A_kezhanzhanggui",1,10001,0,0,0,0,0,0,0,0,0,0,0,0,
"РЯШЫФа",3017,"M_N_A_laorennan",1,10001,0,0,0,0,0,0,0,0,0,0,0,0,
"РЯШЫХЎ",3018,"M_N_A_laorennv",1,10001,0,0,0,0,0,0,0,0,0,0,0,0,
"ЧЎзЏРЯАх",3019,"M_N_A_qianzhuanglaoban",1,10001,0,0,0,0,0,0,0,0,0,0,0,0,
"ЩЬШЫ",3020,"M_N_A_shangren",1,10001,0,0,0,0,0,0,0,0,0,0,0,0,
"ЪПБјЕЖ",3021,"M_N_A_shibing_dao",1,10001,0,0,0,0,0,0,0,0,0,0,0,0,
"ЪПБјЧЙ",3022,"M_N_A_shibing_qiang",1,10001,0,0,0,0,0,0,0,0,0,0,0,0,
"ЪзЪЮРЯАх",3023,"M_N_A_shoushilaoban",1,10001,0,0,0,0,0,0,0,0,0,0,0,0,
"ЪщЩњ",3024,"M_N_A_shusheng",1,10001,0,0,0,0,0,0,0,0,0,0,0,0,
"ЬњНГ",3025,"M_N_A_tiejiang",1,10001,0,0,0,0,0,0,0,0,0,0,0,0,
"ЮЙбјЪІ",3026,"M_N_A_weiyangshi",1,10001,0,0,0,0,0,0,0,0,0,0,0,0,
"аЁКЂФа",3027,"M_N_A_xiaohainan",1,10001,0,0,0,0,0,0,0,0,0,0,0,0,
"аЁКЂХЎ",3028,"M_N_A_xiaohainv",1,10001,0,0,0,0,0,0,0,0,0,0,0,0,
"вЉЩЬ",3029,"M_N_A_yaoshang",1,10001,0,0,0,0,0,0,0,0,0,0,0,0,
"жэАЫНф",3030,"M_N_A_zhubajie",1,10001,0,0,0,0,0,0,0,0,0,0,0,0,
"ДхГЄ",3031,"M_N_A_cunzhang",1,10001,0,0,0,0,0,0,0,0,0,0,0,0,
"ВжПтЙмРэдБЗД",3032,"M_N_A_cangkuguanliyuan_fan",1,10001,0,0,0,0,0,0,0,0,0,0,0,0,
"ДЋЫЭЧрЭмЗД",3033,"M_N_A_chuansongqingwa_fan",1,10001,0,0,0,0,0,0,0,0,0,0,0,0,
"ДхУёЗД",3034,"M_N_A_cunming_fan",1,10001,0,0,0,0,0,0,0,0,0,0,0,0,
"ЕРОпЪІЗД",3035,"M_N_A_daojushi_fan",1,10001,0,0,0,0,0,0,0,0,0,0,0,0,
"ДѓЩєЗД",3036,"M_N_A_dashen_fan",1,10001,0,0,0,0,0,0,0,0,0,0,0,0,
"ЕфЕБдБЗД",3037,"M_N_A_diandangyuan_fan",1,10001,0,0,0,0,0,0,0,0,0,0,0,0,
"ЕъаЁЖўЗД",3038,"M_N_A_dianxiao2_fan",1,10001,0,0,0,0,0,0,0,0,0,0,0,0,
"ЗўзАЕъРЯАхЗД",3039,"M_N_A_fuzhuangdianlaoban_fan",1,10001,0,0,0,0,0,0,0,0,0,0,0,0,
"ЙѓзхФаЗД",3040,"M_N_A_guizunan_fan",1,10001,0,0,0,0,0,0,0,0,0,0,0,0,
"ЙѓзхХЎЗД",3041,"M_N_A_guizunv_fan",1,10001,0,0,0,0,0,0,0,0,0,0,0,0,
"ЙУФяЗД",3042,"M_N_A_guniang_fan",1,10001,0,0,0,0,0,0,0,0,0,0,0,0,
"КўЩёЗД",3043,"M_N_A_hushen_fan",1,10001,0,0,0,0,0,0,0,0,0,0,0,0,
"НЋСьЗД",3044,"M_N_A_jiangling_fan",1,10001,0,0,0,0,0,0,0,0,0,0,0,0,
"МщЩЬЗД",3045,"M_N_A_jianshang_fan",1,10001,0,0,0,0,0,0,0,0,0,0,0,0,
"ММФмЪІЗД",3046,"M_N_A_jinengshi_fan",1,10001,0,0,0,0,0,0,0,0,0,0,0,0,
"ПЭеЛеЦЙёЗД",3047,"M_N_A_kezhanzhanggui_fan",1,10001,0,0,0,0,0,0,0,0,0,0,0,0,
"РЯШЫФаЗД",3048,"M_N_A_laorennan_fan",1,10001,0,0,0,0,0,0,0,0,0,0,0,0,
"РЯШЫХЎЗД",3049,"M_N_A_laorennv_fan",1,10001,0,0,0,0,0,0,0,0,0,0,0,0,
"ЧЎзЏРЯАхЗД",3050,"M_N_A_qianzhuanglaoban_fan",1,10001,0,0,0,0,0,0,0,0,0,0,0,0,
"ЩЬШЫЗД",3051,"M_N_A_shangren_fan",1,10001,0,0,0,0,0,0,0,0,0,0,0,0,
"ЪПБјЕЖЗД",3052,"M_N_A_shibing_dao_fan",1,10001,0,0,0,0,0,0,0,0,0,0,0,0,
"ЪПБјЧЙЗД",3053,"M_N_A_shibing_qiang_fan",1,10001,0,0,0,0,0,0,0,0,0,0,0,0,
"ЪзЪЮРЯАхЗД",3054,"M_N_A_shoushilaoban_fan",1,10001,0,0,0,0,0,0,0,0,0,0,0,0,
"ЪщЩњЗД",3055,"M_N_A_shusheng_fan",1,10001,0,0,0,0,0,0,0,0,0,0,0,0,
"ЬњНГЗД",3056,"M_N_A_tiejiang_fan",1,10001,0,0,0,0,0,0,0,0,0,0,0,0,
"ЮЙбјЪІЗД",3057,"M_N_A_weiyangshi_fan",1,10001,0,0,0,0,0,0,0,0,0,0,0,0,
"аЁКЂФаЗД",3058,"M_N_A_xiaohainan_fan",1,10001,0,0,0,0,0,0,0,0,0,0,0,0,
"аЁКЂХЎЗД",3059,"M_N_A_xiaohainv_fan",1,10001,0,0,0,0,0,0,0,0,0,0,0,0,
"вЉЩЬЗД",3060,"M_N_A_yaoshang_fan",1,10001,0,0,0,0,0,0,0,0,0,0,0,0,
"жэАЫНфЗД",3061,"M_N_A_zhubajie_fan",1,10001,0,0,0,0,0,0,0,0,0,0,0,0,
"ДхГЄЗД",3062,"M_N_A_cunzhang_fan",1,10001,0,0,0,0,0,0,0,0,0,0,0,0,
"АыЯЩ",3063,"M_N_A_banxian",1,10001,0,0,0,0,0,0,0,0,0,0,0,0,
"АќзгЗЗ",3064,"M_N_A_baozifan",1,10001,0,0,0,0,0,0,0,0,0,0,0,0,
"ВЦЩё",3065,"M_N_A_caishen",1,10001,0,0,0,0,0,0,0,0,0,0,0,0,
"ДђИќШЫ",3066,"M_N_A_dajingren",1,10001,0,0,0,0,0,0,0,0,0,0,0,0,
"ДђПЈдБ",3067,"M_N_A_dakayuan",1,10001,0,0,0,0,0,0,0,0,0,0,0,0,
"ИОХЎ",3068,"M_N_A_funv",1,10001,0,0,0,0,0,0,0,0,0,0,0,0,
"ИЃЩё",3069,"M_N_A_fushen",1,10001,0,0,0,0,0,0,0,0,0,0,0,0,
"ЙѓЙЋзг",3070,"M_N_A_guigongzi",1,10001,0,0,0,0,0,0,0,0,0,0,0,0,
"ЛЈЛЈЙЋзг",3071,"M_N_A_huahuagongzi",1,10001,0,0,0,0,0,0,0,0,0,0,0,0,
"ЛЪЕл",3072,"M_N_A_huangdi",1,10001,0,0,0,0,0,0,0,0,0,0,0,0,
"РюОИ",3073,"M_N_A_lijing",1,10001,0,0,0,0,0,0,0,0,0,0,0,0,
"ЦЖЧюаЁХЎКЂ",3074,"M_N_A_pinqiongxiaonvhai",1,10001,0,0,0,0,0,0,0,0,0,0,0,0,
"ЦцЙж",3075,"M_N_A_qigai",1,10001,0,0,0,0,0,0,0,0,0,0,0,0,
"ЧюЩё",3076,"M_N_A_qiongshen",1,10001,0,0,0,0,0,0,0,0,0,0,0,0,
"ЪІЭН",3077,"M_N_A_shitu",1,10001,0,0,0,0,0,0,0,0,0,0,0,0,
"ЫЅЩё",3078,"M_N_A_shuaishen",1,10001,0,0,0,0,0,0,0,0,0,0,0,0,
"ЫуУќЯЙзг",3079,"M_N_A_suanmingxiazi",1,10001,0,0,0,0,0,0,0,0,0,0,0,0,
"ЬАЙй",3080,"M_N_A_tanguan",1,10001,0,0,0,0,0,0,0,0,0,0,0,0,
"ЭЕРСЪПБј",3081,"M_N_A_toulanshibing_dao",1,10001,0,0,0,0,0,0,0,0,0,0,0,0,
"ЭЕРСЪПБјЧН",3082,"M_N_A_toulanshibing_qiang",1,10001,0,0,0,0,0,0,0,0,0,0,0,0,
"ажЕм",3083,"M_N_A_xiongdi",1,10001,0,0,0,0,0,0,0,0,0,0,0,0,
"вЉЭЏ",3085,"M_N_A_yaotong",1,10001,0,0,0,0,0,0,0,0,0,0,0,0,
"б§боХЎзг",3086,"M_N_A_yaoyannvzi",1,10001,0,0,0,0,0,0,0,0,0,0,0,0,
"дТРЯ",3087,"M_N_A_yuelao",1,10001,0,0,0,0,0,0,0,0,0,0,0,0,
"зГФа",3088,"M_N_A_zhuangnan",1,10001,0,0,0,0,0,0,0,0,0,0,0,0,
"АыЯЩЗД",3089,"M_N_A_banxian_fan",1,10001,0,0,0,0,0,0,0,0,0,0,0,0,
"АќзгЗЗЗД",3090,"M_N_A_baozifan_fan",1,10001,0,0,0,0,0,0,0,0,0,0,0,0,
"ВЦЩёЗД",3091,"M_N_A_caishen_fan",1,10001,0,0,0,0,0,0,0,0,0,0,0,0,
"ДђИќШЫЗД",3092,"M_N_A_dajingren_fan",1,10001,0,0,0,0,0,0,0,0,0,0,0,0,
"ДђПЈдБЗД",3093,"M_N_A_dakayuan_fan",1,10001,0,0,0,0,0,0,0,0,0,0,0,0,
"ИОХЎЗД",3094,"M_N_A_funv_fan",1,10001,0,0,0,0,0,0,0,0,0,0,0,0,
"ИЃЩёЗД",3095,"M_N_A_fushen_fan",1,10001,0,0,0,0,0,0,0,0,0,0,0,0,
"ЙѓЙЋзгЗД",3096,"M_N_A_guigongzi_fan",1,10001,0,0,0,0,0,0,0,0,0,0,0,0,
"ЛЈЛЈЙЋзгЗД",3097,"M_N_A_huahuagongzi_fan",1,10001,0,0,0,0,0,0,0,0,0,0,0,0,
"ЛЪЕлЗД",3098,"M_N_A_huangdi_fan",1,10001,0,0,0,0,0,0,0,0,0,0,0,0,
"РюОИЗД",3099,"M_N_A_lijing_fan",1,10001,0,0,0,0,0,0,0,0,0,0,0,0,
"ЦЖЧюаЁХЎКЂЗД",3100,"M_N_A_pinqiongxiaonvhai_fan",1,10001,0,0,0,0,0,0,0,0,0,0,0,0,
"ЦђиЄЗД",3101,"M_N_A_qigai_fan",1,10001,0,0,0,0,0,0,0,0,0,0,0,0,
"ЧюЩёЗД",3102,"M_N_A_qiongshen_fan",1,10001,0,0,0,0,0,0,0,0,0,0,0,0,
"ЪІЭНЗД",3103,"M_N_A_shitu_fan",1,10001,0,0,0,0,0,0,0,0,0,0,0,0,
"ЫЅЩёЗД",3104,"M_N_A_shuaishen_fan",1,10001,0,0,0,0,0,0,0,0,0,0,0,0,
"ЫуУќЯЙзгЗД",3105,"M_N_A_suanmingxiazi_fan",1,10001,0,0,0,0,0,0,0,0,0,0,0,0,
"ЬАЙйЗД",3106,"M_N_A_tanguan_fan",1,10001,0,0,0,0,0,0,0,0,0,0,0,0,
"ЭЕРСЪПБјЗД",3107,"M_N_A_toulanshibing_dao_fan",1,10001,0,0,0,0,0,0,0,0,0,0,0,0,
"ЭЕРСЪПБјЧНЗД",3108,"M_N_A_toulanshibing_qiang_fan",1,10001,0,0,0,0,0,0,0,0,0,0,0,0,
"ажЕмЗД",3109,"M_N_A_xiongdi",1,10001,0,0,0,0,0,0,0,0,0,0,0,0,
"вЉЭЏЗД",3110,"M_N_A_yaotong_fan",1,10001,0,0,0,0,0,0,0,0,0,0,0,0,
"б§боХЎзгЗД",3111,"M_N_A_yaoyannvzi_fan",1,10001,0,0,0,0,0,0,0,0,0,0,0,0,
"дТРЯЗД",3112,"M_N_A_yuelao_fan",1,10001,0,0,0,0,0,0,0,0,0,0,0,0,
"зГФаЗД",3113,"M_N_A_zhuangnan_fan",1,10001,0,0,0,0,0,0,0,0,0,0,0,0,
"ЕигќаЁЙэЗД",3114,"M_N_A_diyuxiaogui_fan",1,10001,0,0,0,0,0,0,0,0,0,0,0,0,
"ЩЬШЫ1ЗД",3115,"M_N_A_shangren1_fan",1,10001,0,0,0,0,0,0,0,0,0,0,0,0,
"ДфЖљЙУФя",3116,"M_N_A_cuierguniang",1,10001,0,0,0,0,0,0,0,0,0,0,0,0,
"ЕигќаЁЙэ",3117,"M_N_A_diyuxiaogui",1,10001,0,0,0,0,0,0,0,0,0,0,0,0,
"КЃТнЮРЪП",3118,"M_N_A_hailuoweishi",1,10001,0,0,0,0,0,0,0,0,0,0,0,0,
"КЮЯЩЙУ",3119,"M_N_A_hexiangu",1,10001,0,0,0,0,0,0,0,0,0,0,0,0,
"КьФя",3120,"M_N_A_hongniang",1,10001,0,0,0,0,0,0,0,0,0,0,0,0,
"МУЙЋ",3121,"M_N_A_jigong",1,10001,0,0,0,0,0,0,0,0,0,0,0,0,
"РЯЙмМв",3122,"M_N_A_laoguanjia",1,10001,0,0,0,0,0,0,0,0,0,0,0,0,
"СњЭѕЙЋжї",3123,"M_N_A_longgongzhu",1,10001,0,0,0,0,0,0,0,0,0,0,0,0,
"ФФпИ",3124,"M_N_A_nezha",1,10001,0,0,0,0,0,0,0,0,0,0,0,0,
"ФўВЩГМ",3125,"M_N_A_ningcaichen",1,10001,0,0,0,0,0,0,0,0,0,0,0,0,
"ХЎЦЭ",3126,"M_N_A_nvpu",1,10001,0,0,0,0,0,0,0,0,0,0,0,0,
"Ш§ЪЅФИ",3127,"M_N_A_sanshengmu",1,10001,0,0,0,0,0,0,0,0,0,0,0,0,
"ЪмФбЕФаЁЭЕ",3128,"M_N_A_shounandexiaotou",1,10001,0,10007,0,0,0,0,0,0,0,0,0,0,
"ЪнаЁЧрФъ",3129,"M_N_A_shouxiaoqingnian",1,10001,0,0,0,0,0,0,0,0,0,0,0,0,
"ЫЎФИЮРЪП",3130,"M_N_A_shuimuweishi",1,10001,0,0,0,0,0,0,0,0,0,0,0,0,
"ЬњЙеРю",3131,"M_N_A_tieguaili",1,10001,0,0,0,0,0,0,0,0,0,0,0,0,
"ЭРЗђ",3132,"M_N_A_tufu",1,10001,0,0,0,0,0,0,0,0,0,0,0,0,
"ЯиСю",3133,"M_N_A_xianling",1,10001,0,0,0,0,0,0,0,0,0,0,0,0,
"ащШѕИОХЎ",3134,"M_N_A_xuruofunv",1,10001,0,0,0,0,0,0,0,0,0,0,0,0,
"в§ТЗШЫ",3135,"M_N_A_yinluren",1,10001,0,0,0,0,0,0,0,0,0,0,0,0,
"дюЩё",3136,"M_N_A_zaoshen",1,10001,0,0,0,0,0,0,0,0,0,0,0,0,
"еХЙћРЯ",3137,"M_N_A_zhangguolao",1,10001,0,0,0,0,0,0,0,0,0,0,0,0,
"ВЪдЦЭЏзг",3138,"M_N_A_biyuntongzi",1,10001,0,0,0,0,0,0,0,0,0,0,0,0,
"БЬдЦЭЏзг",3139,"M_N_A_caiyuntongzi",1,10001,0,0,0,0,0,0,0,0,0,0,0,0,
"ВмЙњОЫ",3140,"M_N_A_caoguojiu",1,10001,0,0,0,0,0,0,0,0,0,0,0,0,
"ЖФГЁаЁЙЄ",3141,"M_N_A_duchangxiaogong",1,10001,0,0,0,0,0,0,0,0,0,0,0,0,
"ЖОИО",3142,"M_N_A_dufu",1,10001,0,0,0,0,0,0,0,0,0,0,0,0,
"ЙЋЛсГЄРЯ",3143,"M_N_A_gonghuizhanglao",1,10001,0,0,0,0,0,0,0,0,0,0,0,0,
"КЋЯцзг",3144,"M_N_A_hanxiangzi",1,10001,0,0,0,0,0,0,0,0,0,0,0,0,
"ККжгРы",3145,"M_N_A_hanzhongli",1,10001,0,0,0,0,0,0,0,0,0,0,0,0,
"КяГЄРЯ",3146,"M_N_A_houzhanglao",1,10001,0,0,0,0,0,0,0,0,0,0,0,0,
"ФаШЫ",3147,"M_N_A_nanren",1,10001,0,0,0,0,0,0,0,0,0,0,0,0,
"ХЎШЫ",3148,"M_N_A_nvren",1,10001,0,0,0,0,0,0,0,0,0,0,0,0,
"ЩЎШЫ",3149,"M_N_A_sengren",1,10001,0,0,0,0,0,0,0,0,0,0,0,0,
"аЁДф",3150,"M_N_A_xiaocui",1,10001,0,0,0,0,0,0,0,0,0,0,0,0,
"ББПЄИОХЎ",3151,"M_N_A_beijunfunv",1,10001,0,0,0,0,0,0,0,0,0,0,0,0,
"ББПЄКЂзг",3152,"M_N_A_beijunhaizi",1,10001,0,0,0,0,0,0,0,0,0,0,0,0,
"ББПЄРЯШЫ",3153,"M_N_A_beijunlaoren",1,10001,0,0,0,0,0,0,0,0,0,0,0,0,
"ТРЖДБі",3154,"M_N_A_lvdongbin",1,10001,0,0,0,0,0,0,0,0,0,0,0,0,
"ХЃРЩ",3155,"M_N_A_niulang",1,10001,0,0,0,0,0,0,0,0,0,0,0,0,
"жЏХЎ",3156,"M_N_A_zhinv",1,10001,0,0,0,0,0,0,0,0,0,0,0,0,
"ЖёФа",3157,"M_N_A_enandiyuban",1,10001,0,0,0,0,0,0,0,0,0,0,0,0,
"РЖВЩКЭ",3158,"M_N_A_lancaihe",1,10001,0,0,0,0,0,0,0,0,0,0,0,0,
"ЭѕФИ",3159,"M_N_A_wangmu",1,10001,0,0,0,0,0,0,0,0,0,0,0,0,
"ЯЩХЎ",3160,"M_N_A_xiannv",1,10001,0,0,0,0,0,0,0,0,0,0,0,0,
"ЭѕФИЗД",3161,"M_N_A_wangmu_fan",1,10001,0,0,0,0,0,0,0,0,0,0,0,0,
"КЃТнЮРЪПЗД",3162,"M_N_A_hailuoweishi_fan",1,10001,0,0,0,0,0,0,0,0,0,0,0,0,
"ЫЎФИЮРЪПЗД",3163,"M_N_A_shuimuweishi_fan",1,10001,0,0,0,0,0,0,0,0,0,0,0,0,
"аЁАз",3164,"M_N_A_xiaobai",1,10001,0,0,0,0,0,0,0,0,0,0,0,0,
"ЙэЛ№",3165,"M_N_A_guihuo",1,10001,0,10008,0,0,0,0,0,0,0,0,0,0,
"ЙэЛ№B",3166,"M_N_B_guihuo",1,10001,0,10008,0,0,0,0,0,0,0,0,0,0,
"ЙЋЛсГЄРЯЗД",3167,"M_N_A_gonghuizhanglao_fan",1,10001,0,0,0,0,0,0,0,0,0,0,0,0,
"ЧрЭм",3168,"M_N_A_qingwa",1,10001,0,0,0,0,0,0,0,0,0,0,0,0,
"аЁйЛ",3169,"M_N_A_xiaoqian",1,10001,0,0,0,0,0,0,0,0,0,0,0,0,
"ЪЏЭЗ1",3170,"M_N_A_shitou1",1,10001,0,0,0,0,0,0,0,0,0,0,0,0,
"жэАЫНфБГ",3171,"M_N_A_zhubajie_bei",1,10001,0,0,0,0,0,0,0,0,0,0,0,0,
"Бљжљ1",3172,"M_N_B_bingzu1",1,10001,0,0,0,0,0,0,0,0,0,0,0,0,
"Бљжљ2",3173,"M_N_B_bingzu2",1,10001,0,0,0,0,0,0,0,0,0,0,0,0,
"ЖДИЎОнЕу1",3174,"M_N_B_judian1",1,10001,0,0,0,0,0,0,0,0,0,0,0,0,
"ЖДИЎОнЕу2",3175,"M_N_B_judian2",1,10001,0,0,0,0,0,0,0,0,0,0,0,0,
"GMФа",3176,"M_A_A_Gmnan",1,10001,0,0,0,0,0,0,0,0,0,0,0,0,
"GMХЎ",3177,"M_A_A_GMnv",1,10001,0,0,0,0,0,0,0,0,0,0,0,0,
"ЖДИЎОќЪІ",3178,"M_N_A_gonghuijunshi",1,10001,0,0,0,0,0,0,0,0,0,0,0,0,
"QХЎ",3179,"M_A_A_Qnv",1,10001,0,0,0,0,0,0,0,0,0,0,0,0,
"ЖДИЎОќЪІЗД",3180,"M_N_A_gonghuijunshi_fan",1,10001,0,0,0,0,0,0,0,0,0,0,0,0,
"ЭЏзг",3181,"M_N_A_tongzi",1,10001,0,0,0,0,0,0,0,0,0,0,0,0,
"аТРЩ",3182,"R_N_Z_xinlang",1,10001,0,0,0,0,0,0,0,0,0,0,0,0,
"аТФя",3183,"R_N_Z_xinniang",1,10001,0,0,0,0,0,0,0,0,0,0,0,0,
"ЖДЗП",3184,"R_N_Z_dongfang",1,10001,0,0,0,0,0,0,0,0,0,0,0,0,
"ДВЕЅ",3185,"R_N_Z_chuangdan",1,10001,0,0,0,0,0,0,0,0,0,0,0,0,
"ФаЛЂгАзг",3186,"M_C_C_0001",1,10001,0,0,0,0,0,0,0,0,0,0,0,0,
"ХХааАё",3187,"M_N_A_paihangbang",1,0,0,0,0,0,0,0,0,0,0,0,0,0,
"ЪПБјЕЖB",3188,"M_N_B_shibing_dao",1,10001,0,0,0,0,0,0,0,0,0,0,0,0,
"ЪПБјЧЙB",3189,"M_N_B_shibing_qiang",1,10001,0,0,0,0,0,0,0,0,0,0,0,0,
"ЯЩХЎB",3190,"M_N_B_xiannv",1,10001,0,0,0,0,0,0,0,0,0,0,0,0,
"БкЛЂ",5001,"G_A_A_bihu",1,10001,0,10005,0,0,0,0,0,0,0,0,0,0,
"ДѓЧрГц",5002,"G_A_A_daqingchong",1,10001,0,10005,0,0,0,0,0,0,0,0,0,0,
"КкЭЗжЉжы",5003,"G_A_A_heitouzhizhu",1,10001,0,10005,0,0,0,0,0,0,0,0,0,0,
"МзГц",5004,"G_A_A_jiachong",1,10001,0,10005,0,0,0,0,0,0,0,0,0,0,
"ђпђб",5005,"G_A_A_qingting",1,10001,0,10005,0,0,0,0,0,0,0,0,0,0,
"аЁб§Йж",5006,"G_A_A_xiaoyaoguai",1,10001,0,10008,0,0,0,0,0,0,0,0,0,0,
"аЁвАжэ",5007,"G_A_A_xiaoyezhu",1,10001,0,10005,0,0,0,0,0,0,0,0,0,0,
"гзБЊ",5008,"G_A_A_youbao",1,10001,0,10005,0,0,0,0,0,0,0,0,0,0,
"жЉжы",5009,"G_J_A_zhizhujing",1,10001,0,10005,0,0,0,0,0,0,0,0,0,0,
"жэжэЙж",5010,"G_A_A_zhuzhuguai",1,10001,0,0,0,0,0,0,0,0,0,0,0,0,
"БЬдЦЭЏзг",5011,"G_J_A_biyuntongzi",1,10001,0,0,0,0,0,0,0,0,0,0,0,0,
"ВЪдЦЭЏзг",5012,"G_J_A_caiyuntongzi",1,10001,0,0,0,0,0,0,0,0,0,0,0,0,
"ВнОЋ",5013,"G_J_A_caojing",1,10001,0,10004,0,0,0,0,0,0,0,0,0,0,
"КкамОЋ",5014,"G_J_A_heixiongjing",1,10001,0,10003,0,0,0,0,0,0,0,0,0,0,
"ЛЈОЋ",5015,"G_J_A_huajing",1,10001,0,10004,0,0,0,0,0,0,0,0,0,0,
"ОоАіОЋ",5016,"G_J_A_jubangjing",1,10001,0,10006,0,0,0,0,0,0,0,0,0,0,
"СјЪїЙж",5017,"G_J_A_liushuguai",1,10001,0,10002,0,0,0,0,0,0,0,0,0,0,
"ЪЏэЖФяФя",5018,"G_J_A_shijiniangniang",1,10001,0,0,0,0,0,0,0,0,0,0,0,0,
"ЪїОЋ",5019,"G_J_A_shujing",1,10001,0,0,0,0,0,0,0,0,0,0,0,0,
"ЬвЪїЙж",5020,"G_J_A_taoshuguai",1,10001,0,10002,0,0,0,0,0,0,0,0,0,0,
"ЖФГЁРЯАх",5021,"G_P_A_duchanglaoban",1,10001,0,0,0,0,0,0,0,0,0,0,0,0,
"ЧПЕС",5022,"G_P_A_qiangdao",1,10001,0,10007,0,0,0,0,0,0,0,0,0,0,
"ЩНдє",5023,"G_P_A_shanzei",1,10001,0,10007,0,0,0,0,0,0,0,0,0,0,
"ГжЙјб§Йж",5024,"G_T_A_chiguoyaoguai",1,10001,0,0,0,0,0,0,0,0,0,0,0,0,
"ЕигќЮфЙй",5025,"G_T_A_diyuwuguan",1,10001,0,10003,0,0,0,0,0,0,0,0,0,0,
"ЖіЙэ",5026,"G_T_A_egui",1,10001,0,10002,0,0,0,0,0,0,0,0,0,0,
"ЙТЛъ",5027,"G_T_A_guhun",1,10001,0,10002,0,0,0,0,0,0,0,0,0,0,
"ЪмФбеп",5028,"G_T_A_shounanzhe",1,10001,0,10002,0,0,0,0,0,0,0,0,0,0,
"аЁйЛ",5029,"G_T_A_xiaoqian",1,10001,0,0,0,0,0,0,0,0,0,0,0,0,
"вАЙэ",5030,"G_T_A_yegui",1,10001,0,10002,0,0,0,0,0,0,0,0,0,0,
"АНЙт",5031,"G_X_A_aoguang",1,10001,0,10006,0,0,0,0,0,0,0,0,0,0,
"ОоСщЩё",5032,"G_X_A_julingshen",1,10001,0,0,0,0,0,0,0,0,0,0,0,0,
"ЧиЪхБІ",5033,"G_X_A_qinshubao",1,10001,0,0,0,0,0,0,0,0,0,0,0,0,
"ЮСЩё",5034,"G_X_A_wenshen",1,10001,0,0,0,0,0,0,0,0,0,0,0,0,
"ЮОГйЙЋ",5035,"G_X_A_yuchigong",1,10001,0,0,0,0,0,0,0,0,0,0,0,0,
"ЮОГйЙЋЗД",5036,"G_X_A_yuchigong_fan",1,10001,0,0,0,0,0,0,0,0,0,0,0,0,
"вАЙэЗД",5037,"G_T_A_yegui_fan",1,10001,0,10002,0,0,0,0,0,0,0,0,0,0,
"ДѓеТгу",5038,"G_A_A_dazhangyu",1,10001,0,0,0,0,0,0,0,0,0,0,0,0,
"ЖіБЊ",5039,"G_A_A_ebao",1,10001,0,10005,0,0,0,0,0,0,0,0,0,0,
"ОЃМЌЙъ",5040,"G_A_A_jingjigui",1,10001,0,10006,0,0,0,0,0,0,0,0,0,0,
"Н№Йъ",5041,"G_A_A_jingui",1,10001,0,10006,0,0,0,0,0,0,0,0,0,0,
"ОоМєаЗ",5042,"G_A_A_jujianxie",1,10001,0,10006,0,0,0,0,0,0,0,0,0,0,
"Ооам",5043,"G_A_A_juxiong",1,10001,0,10005,0,0,0,0,0,0,0,0,0,0,
"ОогЅ",5044,"G_A_A_juying",1,10001,0,10005,0,0,0,0,0,0,0,0,0,0,
"ФИРЧ",5045,"G_A_A_mulang",1,10001,0,10005,0,0,0,0,0,0,0,0,0,0,
"ЫФаЧЦАГц",5046,"G_A_A_sixingpiaochong",1,10001,0,0,0,0,0,0,0,0,0,0,0,0,
"вАжэЭѕ",5047,"G_A_A_yezhuwang",1,10001,0,0,0,0,0,0,0,0,0,0,0,0,
"ГОЭСОЋ",5048,"G_J_A_chentujing",1,10001,0,0,0,0,0,0,0,0,0,0,0,0,
"КЩвЖЭЏзг",5049,"G_J_A_heyetongzi",1,10001,0,0,0,0,0,0,0,0,0,0,0,0,
"КьвЖОЋ",5050,"G_J_A_hongyejing",1,10001,0,10004,0,0,0,0,0,0,0,0,0,0,
"ПнФОЪо",5051,"G_J_A_kumushou",1,10001,0,10004,0,0,0,0,0,0,0,0,0,0,
"РЧЭѕОЋ",5052,"G_J_A_langwangjing",1,10001,0,10005,0,0,0,0,0,0,0,0,0,0,
"Р№гуОЋ",5053,"G_J_A_liyujing",1,10001,0,10006,0,0,0,0,0,0,0,0,0,0,
"ТЬвЖОЋ",5054,"G_J_A_lvyejing",1,10001,0,10004,0,0,0,0,0,0,0,0,0,0,
"ТэУц",5055,"G_J_A_mamian",1,10001,0,10002,0,0,0,0,0,0,0,0,0,0,
"ФЂЙНОЋ",5056,"G_J_A_mogujing",1,10001,0,10004,0,0,0,0,0,0,0,0,0,0,
"ХЃЭЗ",5057,"G_J_A_niutou",1,10001,0,10002,0,0,0,0,0,0,0,0,0,0,
"ЦпаЧЦАГц",5058,"G_J_A_qixingpiaochong",1,10001,0,10005,0,0,0,0,0,0,0,0,0,0,
"ЩККїОЋ",5059,"G_J_A_shanhujing",1,10001,0,10006,0,0,0,0,0,0,0,0,0,0,
"ЪЈзгОЋ",5060,"G_J_A_shizijing",1,10001,0,10007,0,0,0,0,0,0,0,0,0,0,
"ЮоШЅ",5061,"G_J_A_wuqu",1,10001,0,0,0,0,0,0,0,0,0,0,0,0,
"бЉКќОЋ",5062,"G_J_A_xuehujing",1,10001,0,0,0,0,0,0,0,0,0,0,0,0,
"бВЩНб§",5063,"G_J_A_xunshanyao",1,10001,0,10003,0,0,0,0,0,0,0,0,0,0,
"бвЪЏОЋ",5064,"G_J_A_yanshijing",1,10001,0,0,0,0,0,0,0,0,0,0,0,0,
"гаРД",5065,"G_J_A_youlai",1,10001,0,0,0,0,0,0,0,0,0,0,0,0,
"гЮЩНб§",5066,"G_J_A_youshanyao",1,10001,0,10003,0,0,0,0,0,0,0,0,0,0,
"ДЬПЭ",5067,"G_P_A_cike",1,10001,0,10007,0,0,0,0,0,0,0,0,0,0,
"КкЗчб§ЕР",5068,"G_P_A_heifengyaodao",1,10001,0,10002,0,0,0,0,0,0,0,0,0,0,
"РЯЦХЦХ",5069,"G_P_A_laopopo",1,10001,0,0,0,0,0,0,0,0,0,0,0,0,
"УдТЗаЁКЂ",5070,"G_P_A_miluxiaohai",1,10001,0,0,0,0,0,0,0,0,0,0,0,0,
"ЩНдєЭЗСь",5071,"G_P_A_shanzeitouling",1,10001,0,10007,0,0,0,0,0,0,0,0,0,0,
"ЩНеЏЭѕ",5072,"G_P_A_shanzhaiwang",1,10001,0,10007,0,0,0,0,0,0,0,0,0,0,
"ЭСЗЫ",5073,"G_P_A_tufei",1,10001,0,10007,0,0,0,0,0,0,0,0,0,0,
"ЭСЗЫЪзСь",5074,"G_P_A_tufeishouling",1,10001,0,10007,0,0,0,0,0,0,0,0,0,0,
"ЭСЗЫЭЗСь",5075,"G_P_A_tufeitouling",1,10001,0,10007,0,0,0,0,0,0,0,0,0,0,
"бБЪоЪІ",5076,"G_P_A_xunshoushi",1,10001,0,10007,0,0,0,0,0,0,0,0,0,0,
"бУУХбВВЖ",5077,"G_P_A_yamenxunbu",1,10001,0,10007,0,0,0,0,0,0,0,0,0,0,
"АзЮоГЃ",5078,"G_T_A_baiwuchang",1,10001,0,0,0,0,0,0,0,0,0,0,0,0,
"КкЮоГЃ",5079,"G_T_A_heiwuchang",1,10001,0,0,0,0,0,0,0,0,0,0,0,0,
"дЉЛъ",5080,"G_T_A_yuanhun",1,10001,0,0,0,0,0,0,0,0,0,0,0,0,
"КгЩё",5081,"G_X_A_heshen",1,10001,0,0,0,0,0,0,0,0,0,0,0,0,
"КўЩё",5082,"G_X_A_hushen",1,10001,0,0,0,0,0,0,0,0,0,0,0,0,
"ФФпИ",5083,"G_X_A_nezha_guai",1,10001,0,0,0,0,0,0,0,0,0,0,0,0,
"ФФпИШЫ",5084,"G_X_A_nezha_ren",1,10001,0,0,0,0,0,0,0,0,0,0,0,0,
"ЬЋввецШЫ",5085,"G_X_A_taiyizhenren",1,10001,0,0,0,0,0,0,0,0,0,0,0,0,
"ЭСЕиЙЋЙЋ",5086,"G_X_A_tudigong",1,10001,0,10007,0,0,0,0,0,0,0,0,0,0,
"ЯЩКзЭЏзг",5087,"G_X_A_xianhetongzi",1,10001,0,0,0,0,0,0,0,0,0,0,0,0,
"гъЪІ",5088,"G_X_A_yushi",1,10001,0,0,0,0,0,0,0,0,0,0,0,0,
"ЯЩКзЭЏзгЗД",5089,"G_X_A_xianhetongzi_fan",1,10001,0,0,0,0,0,0,0,0,0,0,0,0,
"ФИРЧЗД",5090,"G_A_A_mulang_fan",1,10001,0,10005,0,0,0,0,0,0,0,0,0,0,
"АзЯѓОЋ",5091,"G_J_A_baixiangjing",1,10001,0,0,0,0,0,0,0,0,0,0,0,0,
"ГрЮВаЋзг",5092,"G_J_A_chiweixiezi",1,10001,0,10005,0,0,0,0,0,0,0,0,0,0,
"КЃаЧЙж",5093,"G_J_A_haixingguai",1,10001,0,0,0,0,0,0,0,0,0,0,0,0,
"КЃдхЙж",5094,"G_J_A_haizaoguai",1,10001,0,0,0,0,0,0,0,0,0,0,0,0,
"КкЗчб§Йж",5095,"G_J_A_heifengyaoguai",1,10001,0,10008,0,0,0,0,0,0,0,0,0,0,
"ЛШГцОЋ",5096,"G_J_A_huangchongjing",1,10001,0,10005,0,0,0,0,0,0,0,0,0,0,
"ЛЦФрЙж",5097,"G_J_A_huangniguai",1,10001,0,10007,0,0,0,0,0,0,0,0,0,0,
"ЛЦЩГОЋ",5098,"G_J_A_huangshajing",1,10001,0,0,0,0,0,0,0,0,0,0,0,0,
"МзГцЭѕ",5099,"G_J_A_jiachongwang",1,10001,0,10003,0,0,0,0,0,0,0,0,0,0,
"ОоЮВаЋзг",5100,"G_J_A_juweixiezi",1,10001,0,0,0,0,0,0,0,0,0,0,0,0,
"УЈб§",5101,"G_J_A_maoyao",1,10001,0,10007,0,0,0,0,0,0,0,0,0,0,
"ЬьХЃДѓЭѕ",5102,"G_J_A_tianniudawang",1,10001,0,10007,0,0,0,0,0,0,0,0,0,0,
"ЬьХЃЙж",5103,"G_J_A_tianniuguai",1,10001,0,10005,0,0,0,0,0,0,0,0,0,0,
"ЭК№еОЋ",5104,"G_J_A_tujiujing",1,10001,0,0,0,0,0,0,0,0,0,0,0,0,
"ђкђМОЋ",5105,"G_J_A_wugongjing",1,10001,0,10005,0,0,0,0,0,0,0,0,0,0,
"ЯЩШЫеЦОЋ",5106,"G_J_A_xianrenzhang",1,10001,0,0,0,0,0,0,0,0,0,0,0,0,
"аЁђљђ№",5107,"G_J_A_xiaobianfu",1,10001,0,0,0,0,0,0,0,0,0,0,0,0,
"ЮќбЊГц",5108,"G_J_A_xixuechong",1,10001,0,0,0,0,0,0,0,0,0,0,0,0,
"еыДЬЙж",5109,"G_J_A_zhenciguai",1,10001,0,0,0,0,0,0,0,0,0,0,0,0,
"ГњЭЗб§Йж",5110,"G_T_A_chutouyaoguai",1,10001,0,10002,0,0,0,0,0,0,0,0,0,0,
"ЕкШ§жЛЪж",5111,"G_T_A_disanzhishou",1,10001,0,0,0,0,0,0,0,0,0,0,0,0,
"ЕижЇЩёГѓ",5112,"G_T_A_dizhishenchou",1,10001,0,0,0,0,0,0,0,0,0,0,0,0,
"ЕижЇЩёзг",5113,"G_T_A_dizhishenzi",1,10001,0,10007,0,0,0,0,0,0,0,0,0,0,
"ЖёЗЫ",5114,"G_T_A_efei",1,10001,0,10002,0,0,0,0,0,0,0,0,0,0,
"б§ФЇРбРб",5115,"G_T_A_yaomolaolao",1,10001,0,10007,0,0,0,0,0,0,0,0,0,0,
"жгиИ",5116,"G_T_A_zhongkui",1,10001,0,0,0,0,0,0,0,0,0,0,0,0,
"ГСЯу",5117,"G_X_A_chenxiang",1,10001,0,10007,0,0,0,0,0,0,0,0,0,0,
"ЖўРЩЩё",5118,"G_X_A_erlangshen",1,10001,0,0,0,0,0,0,0,0,0,0,0,0,
"ЗчВЎ",5119,"G_X_A_fengbo",1,10001,0,0,0,0,0,0,0,0,0,0,0,0,
"ХљіЈДѓЯЩ",5120,"G_X_A_pilidaxian",1,10001,0,0,0,0,0,0,0,0,0,0,0,0,
"аІЬьШЎ",5121,"G_X_A_xiaotianquan",1,10001,0,10007,0,0,0,0,0,0,0,0,0,0,
"ЖўВуЕигќЮфЙй",5122,"G_T_A_ercengdiyuwuguan",1,10001,0,10003,0,0,0,0,0,0,0,0,0,0,
"Ооіљ",5123,"G_A_A_jue",1,10001,0,10003,0,0,0,0,0,0,0,0,0,0,
"ЩБШЫГц",5124,"G_A_A_sharenchong",1,10001,0,0,0,0,0,0,0,0,0,0,0,0,
"Н№НЧДѓЭѕ",5125,"G_J_A_jinjiaodawang",1,10001,0,0,0,0,0,0,0,0,0,0,0,0,
"аЁЧр",5126,"G_J_A_xiaoqing",1,10001,0,0,0,0,0,0,0,0,0,0,0,0,
"вјНЧДѓЭѕ",5127,"G_J_A_yinjiaodawang",1,10001,0,0,0,0,0,0,0,0,0,0,0,0,
"ЗЈКЃ",5128,"G_P_A_fahai",1,10001,0,10007,0,0,0,0,0,0,0,0,0,0,
"ЙўЙўНЋ",5129,"G_P_A_hahajiang",1,10001,0,0,0,0,0,0,0,0,0,0,0,0,
"КпКпНЋ",5130,"G_P_A_henghengjiang",1,10001,0,0,0,0,0,0,0,0,0,0,0,0,
"еђдЊДѓЯЩ",5131,"G_P_A_zhenyuandaxian",1,10001,0,0,0,0,0,0,0,0,0,0,0,0,
"зѓДШ",5132,"G_P_A_zuoci",1,10001,0,0,0,0,0,0,0,0,0,0,0,0,
"АзЙЧБј",5133,"G_T_A_baigubing",1,10001,0,10002,0,0,0,0,0,0,0,0,0,0,
"АзЙЧОЋ",5134,"G_T_A_baigujing",1,10001,0,10002,0,0,0,0,0,0,0,0,0,0,
"ЖсЛъЙэ",5135,"G_T_A_duohungui",1,10001,0,0,0,0,0,0,0,0,0,0,0,0,
"ЙэЛ№",5136,"G_T_A_guihuo",1,10001,0,10008,0,0,0,0,0,0,0,0,0,0,
"ЙэЭЏзг",5137,"G_T_A_guitongzi",1,10001,0,0,0,0,0,0,0,0,0,0,0,0,
"Л­Йэ",5138,"G_T_A_huagui",1,10001,0,0,0,0,0,0,0,0,0,0,0,0,
"ПўРмЭоЭо",5139,"G_T_A_kuileiwawa",1,10001,0,0,0,0,0,0,0,0,0,0,0,0,
"рПЛъЙэ",5140,"G_T_A_niehungui",1,10001,0,0,0,0,0,0,0,0,0,0,0,0,
"ЩуЛъЙэ",5141,"G_T_A_shehungui",1,10001,0,10007,0,0,0,0,0,0,0,0,0,0,
"ЩъЙЋБЊ",5142,"G_T_A_shengongbao",1,10001,0,0,0,0,0,0,0,0,0,0,0,0,
"аФФЇ",5143,"G_T_A_xinmo",1,10001,0,10003,0,0,0,0,0,0,0,0,0,0,
"цЯЖ№",5144,"G_X_A_change",1,10001,0,0,0,0,0,0,0,0,0,0,0,0,
"ЕчФИ",5145,"G_X_A_dianmu",1,10001,0,0,0,0,0,0,0,0,0,0,0,0,
"ЕчЪо",5146,"G_X_A_dianshou",1,10001,0,0,0,0,0,0,0,0,0,0,0,0,
"ЕижЇЩёУЎ",5147,"G_X_A_dizhishenmao",1,10001,0,0,0,0,0,0,0,0,0,0,0,0,
"ЕижЇЩёвњ",5148,"G_X_A_dizhishenyin",1,10001,0,0,0,0,0,0,0,0,0,0,0,0,
"КьКЂЖљ",5149,"G_X_A_honghaier",1,10001,0,0,0,0,0,0,0,0,0,0,0,0,
"Н№ЭЏ",5150,"G_X_A_jintong",1,10001,0,0,0,0,0,0,0,0,0,0,0,0,
"РзЙЋ",5151,"G_X_A_leigong",1,10001,0,0,0,0,0,0,0,0,0,0,0,0,
"РзЪо",5152,"G_X_A_leishou",1,10001,0,0,0,0,0,0,0,0,0,0,0,0,
"ФЇРёКЃ",5153,"G_X_A_molihai",1,10001,0,0,0,0,0,0,0,0,0,0,0,0,
"ФЇРёКь",5154,"G_X_A_molihong",1,10001,0,0,0,0,0,0,0,0,0,0,0,0,
"ФЇРёЧр",5155,"G_X_A_moliqing",1,10001,0,0,0,0,0,0,0,0,0,0,0,0,
"ФЇРёЪй",5156,"G_X_A_molishou",1,10001,0,0,0,0,0,0,0,0,0,0,0,0,
"ЧЇРябл",5157,"G_X_A_qianliyan",1,10001,0,0,0,0,0,0,0,0,0,0,0,0,
"ЫГЗчЖњ",5158,"G_X_A_shunfenger",1,10001,0,0,0,0,0,0,0,0,0,0,0,0,
"ЫяЮђПе",5159,"G_X_A_sunwukong",1,10001,0,0,0,0,0,0,0,0,0,0,0,0,
"ЬЋАзН№аЧ",5160,"G_X_A_taibaijinxing",1,10001,0,0,0,0,0,0,0,0,0,0,0,0,
"ЬЋЩЯРЯО§",5161,"G_X_A_taishanglaojun",1,10001,0,0,0,0,0,0,0,0,0,0,0,0,
"гёХЎ",5162,"G_X_A_yunv",1,10001,0,0,0,0,0,0,0,0,0,0,0,0,
"ЖФГЁаЁЙЄ",5163,"G_P_A_duchangxiaogong",1,10001,0,0,0,0,0,0,0,0,0,0,0,0,
"бУУХбВВЖЗД",5164,"G_P_A_yamenxunbu_fan",1,10001,0,10007,0,0,0,0,0,0,0,0,0,0,
"ЩНдєB",5165,"G_P_B_shanzei",1,10001,0,10007,0,0,0,0,0,0,0,0,0,0,
"ПнФОЪоB",5166,"G_J_B_kumushou",1,10001,0,10004,0,0,0,0,0,0,0,0,0,0,
"ЖіБЊB",5167,"G_A_B_ebao",1,10001,0,10005,0,0,0,0,0,0,0,0,0,0,
"аЁб§ЙжB",5168,"G_A_B_xiaoyaoguai",1,10001,0,10008,0,0,0,0,0,0,0,0,0,0,
"ОоамB",5169,"G_A_B_juxiong",1,10001,0,10005,0,0,0,0,0,0,0,0,0,0,
"ЩНдєЭЗСьB",5170,"G_P_B_shanzeitouling",1,10001,0,10007,0,0,0,0,0,0,0,0,0,0,
"КкЗчб§ЕРB",5171,"G_J_B_heifengyaoguai",1,10001,0,10002,0,0,0,0,0,0,0,0,0,0,
"ЪїОЋB",5172,"G_J_B_shujing",1,10001,0,10004,0,0,0,0,0,0,0,0,0,0,
"вАЙэB",5173,"G_T_B_yegui",1,10001,0,10002,0,0,0,0,0,0,0,0,0,0,
"ЧПЕСB",5174,"G_P_B_qiangdao",1,10001,0,10007,0,0,0,0,0,0,0,0,0,0,
"КкЭЗжЉжыB",5175,"G_A_B_heitouzhizhu",1,10001,0,10005,0,0,0,0,0,0,0,0,0,0,
"жЉжыB",5176,"G_J_B_zhizhujing",1,10001,0,10005,0,0,0,0,0,0,0,0,0,0,
"ФЂЙНОЋB",5177,"G_J_B_mogujing",1,10001,0,10004,0,0,0,0,0,0,0,0,0,0,
"ЙТЛъB",5178,"G_T_B_guhun",1,10001,0,10002,0,0,0,0,0,0,0,0,0,0,
"ЩНдєЭЗСьC",5179,"G_P_C_shanzeitouling",1,10001,0,10007,0,0,0,0,0,0,0,0,0,0,
"ДЬПЭB",5180,"G_P_B_cike",1,10001,0,10007,0,0,0,0,0,0,0,0,0,0,
"Р№гуОЋB",5181,"G_J_B_liyujing",1,10001,0,10006,0,0,0,0,0,0,0,0,0,0,
"бВЩНб§B",5182,"G_J_B_xunshanyao",1,10001,0,10003,0,0,0,0,0,0,0,0,0,0,
"ЩККїОЋB",5183,"G_J_B_shanhujing",1,10001,0,10006,0,0,0,0,0,0,0,0,0,0,
"ЖіЙэB",5184,"G_T_B_egui",1,10001,0,10002,0,0,0,0,0,0,0,0,0,0,
"ОоМєаЗB",5185,"G_A_B_jujianxie",1,10001,0,10006,0,0,0,0,0,0,0,0,0,0,
"ОЃМЌЙъB",5186,"G_A_B_jingjigui",1,10001,0,10006,0,0,0,0,0,0,0,0,0,0,
"ЭСЕиЙЋЙЋЗД",5187,"G_X_A_tudigong_fan",1,10001,0,10007,0,0,0,0,0,0,0,0,0,0,
"жэжэЙжЗД",5188,"G_A_A_zhuzhuguai_fan",1,10001,0,0,0,0,0,0,0,0,0,0,0,0,
"ЩНдєBЗД",5189,"G_P_B_shanzei_fan",1,10001,0,10007,0,0,0,0,0,0,0,0,0,0,
"ЩНдєЭЗСьЗД",5190,"G_P_A_shanzeitouling_fan",1,10001,0,10007,0,0,0,0,0,0,0,0,0,0,
"КкЗчб§ЕРЗД",5191,"G_P_A_heifengyaodao_fan",1,10001,0,10002,0,0,0,0,0,0,0,0,0,0,
"ЭСЗЫЭЗСьЗД",5192,"G_P_A_tufeitouling_fan",1,10001,0,10007,0,0,0,0,0,0,0,0,0,0,
"аЁб§ЙжBЗД",5193,"G_A_B_xiaoyaoguai_fan",1,10001,0,10008,0,0,0,0,0,0,0,0,0,0,
"ЦЦЬьЪо",5194,"G_A_A_potianshou",1,10001,0,0,0,0,0,0,0,0,0,0,0,0,
"ЫФВЛЯё",5195,"G_A_A_sibuxiang",1,10001,0,0,0,0,0,0,0,0,0,0,0,0,
"ДѓХє",5196,"G_J_A_dapeng",1,10001,0,0,0,0,0,0,0,0,0,0,0,0,
"ЖОаЋФяФя",5197,"G_J_A_duxieniangniang",1,10001,0,0,0,0,0,0,0,0,0,0,0,0,
"ЗяЛЫОЋ",5198,"G_J_A_fenghuangjing",1,10001,0,0,0,0,0,0,0,0,0,0,0,0,
"КкбЛОЋ",5199,"G_J_A_heiyajing",1,10001,0,0,0,0,0,0,0,0,0,0,0,0,
"КяБј",5200,"G_J_A_houbing",1,10001,0,0,0,0,0,0,0,0,0,0,0,0,
"КќРъОЋ",5201,"G_J_A_hulijing",1,10001,0,0,0,0,0,0,0,0,0,0,0,0,
"ОХЭЗГц",5202,"G_J_A_jiutouchong",1,10001,0,0,0,0,0,0,0,0,0,0,0,0,
"ХЃФЇЭѕ",5203,"G_J_A_niumowang",1,10001,0,0,0,0,0,0,0,0,0,0,0,0,
"їшїыОЋ",5204,"G_J_A_qilinjing",1,10001,0,0,0,0,0,0,0,0,0,0,0,0,
"Ш§жиОЕ",5205,"G_J_A_sanchongjing",1,10001,0,0,0,0,0,0,0,0,0,0,0,0,
"ЬњЩШЙЋжї",5206,"G_J_A_tieshangongzhu",1,10001,0,0,0,0,0,0,0,0,0,0,0,0,
"ЯВШЕЙЋзг",5207,"G_J_A_xiquegongzi",1,10001,0,0,0,0,0,0,0,0,0,0,0,0,
"ОоШЫ",5208,"G_P_A_juren",1,10001,0,0,0,0,0,0,0,0,0,0,0,0,
"ЮХжй",5209,"G_P_A_wenzhong",1,10001,0,0,0,0,0,0,0,0,0,0,0,0,
"БљЖљ",5210,"G_T_A_binger",1,10001,0,10002,0,0,0,0,0,0,0,0,0,0,
"ЖРблФЇ",5211,"G_T_A_duyanmo",1,10001,0,0,0,0,0,0,0,0,0,0,0,0,
"ИЩНЋ",5212,"G_T_A_ganjiang",1,10001,0,0,0,0,0,0,0,0,0,0,0,0,
"ЙєзгЪж",5213,"G_T_A_guizishou",1,10001,0,10007,0,0,0,0,0,0,0,0,0,0,
"УЯЦХ",5214,"G_T_A_mengpo",1,10001,0,0,0,0,0,0,0,0,0,0,0,0,
"ФЊаА",5215,"G_T_A_moye",1,10001,0,0,0,0,0,0,0,0,0,0,0,0,
"рПаФФЇ",5216,"G_T_A_niexinmo",1,10001,0,0,0,0,0,0,0,0,0,0,0,0,
"Ш§ВуЕигќЮфЙй",5217,"G_T_A_sancengdiyuwuguan",1,10001,0,10003,0,0,0,0,0,0,0,0,0,0,
"ЬАЙйЕигќАц",5218,"G_T_A_tanguandiyuban",1,10001,0,0,0,0,0,0,0,0,0,0,0,0,
"аљдЏНЃ",5219,"G_T_A_xuanyuanjian",1,10001,0,0,0,0,0,0,0,0,0,0,0,0,
"дЙСщ",5220,"G_T_A_yuanling",1,10001,0,10008,0,0,0,0,0,0,0,0,0,0,
"ђПгШ",5221,"G_X_A_chiyou",1,10001,0,0,0,0,0,0,0,0,0,0,0,0,
"ЕижЇЩёГѓ",5222,"G_X_A_dizhishenchou",1,10001,0,0,0,0,0,0,0,0,0,0,0,0,
"ЕижЇЩёач",5223,"G_X_A_dizhishenxu",1,10001,0,10003,0,0,0,0,0,0,0,0,0,0,
"ЕижЇЩёзг",5224,"G_X_A_dizhishenzi",1,10001,0,10007,0,0,0,0,0,0,0,0,0,0,
"ЕижЇЩёЫШ",5225,"G_X_A_dizhishensi",1,10001,0,0,0,0,0,0,0,0,0,0,0,0,
"ИЃЩё",5226,"G_X_A_fushen",1,10001,0,0,0,0,0,0,0,0,0,0,0,0,
"Н№пх",5227,"G_X_A_jinzha",1,10001,0,0,0,0,0,0,0,0,0,0,0,0,
"ПЊЬь",5228,"G_X_A_kaitian",1,10001,0,0,0,0,0,0,0,0,0,0,0,0,
"ТЛЩё",5229,"G_X_A_lushen",1,10001,0,0,0,0,0,0,0,0,0,0,0,0,
"ФОпх",5230,"G_X_A_muzha",1,10001,0,0,0,0,0,0,0,0,0,0,0,0,
"ФЯМЋЯЩЮЬ",5231,"G_X_A_nanjixianwen",1,10001,0,0,0,0,0,0,0,0,0,0,0,0,
"ХЎцД",5232,"G_X_A_nvwa",1,10001,0,0,0,0,0,0,0,0,0,0,0,0,
"ХЬЙХ",5233,"G_X_A_pangu",1,10001,0,0,0,0,0,0,0,0,0,0,0,0,
"ХќЕи",5234,"G_X_A_pidi",1,10001,0,0,0,0,0,0,0,0,0,0,0,0,
"ЦпЯЩХЎ",5235,"G_X_A_qixiannv",1,10001,0,0,0,0,0,0,0,0,0,0,0,0,
"ЬвдАСІЪП",5236,"G_X_A_taoyuanlishi",1,10001,0,0,0,0,0,0,0,0,0,0,0,0,
"ЬьБј",5237,"G_X_A_tianbing",1,10001,0,10007,0,0,0,0,0,0,0,0,0,0,
"ЬьНЋ",5238,"G_X_A_tianjiang",1,10001,0,10007,0,0,0,0,0,0,0,0,0,0,
"аљдЏ",5239,"G_X_A_xuanyuan",1,10001,0,0,0,0,0,0,0,0,0,0,0,0,
"бжЭѕ",5240,"G_X_A_yanwang",1,10001,0,0,0,0,0,0,0,0,0,0,0,0,
"гёЕл",5241,"G_X_A_yudi",1,10001,0,0,0,0,0,0,0,0,0,0,0,0,
"аЁвАжэB",5242,"G_A_B_xiaoyezhu",1,10001,0,10005,0,0,0,0,0,0,0,0,0,0,
"ђпђбB",5243,"G_A_B_qingting",1,10001,0,10005,0,0,0,0,0,0,0,0,0,0,
"БкЛЂB",5244,"G_A_B_bihu",1,10001,0,10005,0,0,0,0,0,0,0,0,0,0,
"ЯВШЕЙЋзгЗД",5245,"G_J_A_xiquegongzi_fan",1,10001,0,0,0,0,0,0,0,0,0,0,0,0,
"ЬьБјЗД",5246,"G_X_A_tianbing_fan",1,10001,0,10007,0,0,0,0,0,0,0,0,0,0,
"ЬьНЋЗД",5247,"G_X_A_tianjiang_fan",1,10001,0,10007,0,0,0,0,0,0,0,0,0,0,
"ЬЋЩЯРЯО§ЗД",5248,"G_X_A_taishanglaojun_fan",1,10001,0,0,0,0,0,0,0,0,0,0,0,0,
"гёЕлЗД",5249,"G_X_A_yudi_fan",1,10001,0,0,0,0,0,0,0,0,0,0,0,0,
"ЪЈзгОЋЗД",5250,"G_J_A_shizijing_fan",1,10001,0,10007,0,0,0,0,0,0,0,0,0,0,
"ГжЙјб§ЙжB",5251,"G_T_B_chiguoyaoguai",1,10001,0,10002,0,0,0,0,0,0,0,0,0,0,
"ГњЭЗб§ЙжB",5252,"G_T_B_chutouyaoguai",1,10001,0,10002,0,0,0,0,0,0,0,0,0,0,
"ГжЙјб§ЙжC",5253,"G_T_C_chiguoyaoguai",1,10001,0,10002,0,0,0,0,0,0,0,0,0,0,
"ЛЈОЋЃТ",5254,"G_J_B_huajing",1,10001,0,10004,0,0,0,0,0,0,0,0,0,0,
"ДѓЧрГцB",5255,"G_A_B_daqingchong",1,10001,0,10005,0,0,0,0,0,0,0,0,0,0,
"ђпђбC",5256,"G_A_C_qingting",1,10001,0,10005,0,0,0,0,0,0,0,0,0,0,
"ФИРЧB",5257,"G_A_B_mulang",1,10001,0,10005,0,0,0,0,0,0,0,0,0,0,
"КьвЖОЋB",5258,"G_J_B_hongyejing",1,10001,0,10004,0,0,0,0,0,0,0,0,0,0,
"МзГцB",5259,"G_A_B_jiachong",1,10001,0,10005,0,0,0,0,0,0,0,0,0,0,
"ЙэЛ№B",5260,"G_T_B_guihuo",1,10001,0,10008,0,0,0,0,0,0,0,0,0,0,
"аЁђљђ№B",5261,"G_J_B_xiaobianfu",1,10001,0,10005,0,0,0,0,0,0,0,0,0,0,
"ВнОЋB",5262,"G_J_B_caojing",1,10001,0,10004,0,0,0,0,0,0,0,0,0,0,
"бвЪЏОЋB",5263,"G_J_B_yanshijing",1,10001,0,10004,0,0,0,0,0,0,0,0,0,0,
"ФЂЙНОЋC",5264,"G_J_C_mogujing",1,10001,0,10004,0,0,0,0,0,0,0,0,0,0,
"жэжэЙжB",5265,"G_A_B_zhuzhuguai",1,10001,0,0,0,0,0,0,0,0,0,0,0,0,
"ОоамC",5266,"G_A_C_juxiong",1,10001,0,10005,0,0,0,0,0,0,0,0,0,0,
"ЪїОЋC",5267,"G_J_C_shujing",1,10001,0,10004,0,0,0,0,0,0,0,0,0,0,
"ЛЈОЋC",5268,"G_J_C_huajing",1,10001,0,10004,0,0,0,0,0,0,0,0,0,0,
"ЬьХЃДѓЭѕЗД",5269,"G_J_A_tianniudawang_fan",1,10001,0,10007,0,0,0,0,0,0,0,0,0,0,
"ЬьХЃЙжЗД",5270,"G_J_A_tianniuguai_fan",1,10001,0,10005,0,0,0,0,0,0,0,0,0,0,
"ФъЪо",5271,"G_X_A_nianshou",1,10001,0,10003,0,0,0,0,0,0,0,0,0,0,
"ЪѓЩё",5272,"G_X_A_shushen",1,10001,0,0,0,0,0,0,0,0,0,0,0,0,
"ЬьХЃЙжB",5273,"G_J_B_tianniuguai",1,10001,0,10005,0,0,0,0,0,0,0,0,0,0,
"КќРъОЋЗД",5274,"G_J_A_hulijing_fan",1,10001,0,0,0,0,0,0,0,0,0,0,0,0,
"ХЬЙХЗД",5275,"G_X_A_pangu_fan",1,10001,0,0,0,0,0,0,0,0,0,0,0,0,
"гзБЊB",5276,"G_A_B_youbao",1,10001,0,10005,0,0,0,0,0,0,0,0,0,0,
"ЕижЇЩёачB",5277,"G_X_B_dizhishenxu",1,10001,0,0,0,0,0,0,0,0,0,0,0,0,
"ЕижЇЩёзгB",5278,"G_X_B_dizhishenzi",1,10001,0,10007,0,0,0,0,0,0,0,0,0,0,
"ЕижЇЩёачB_ЗД",5279,"G_X_B_dizhishenxu_fan",1,10001,0,0,0,0,0,0,0,0,0,0,0,0,
"ФаЛЂгАзг",5280,"M_C_B_0001",1,10001,0,0,0,0,0,0,0,0,0,0,0,0,
"ФаХЃгАзг",5281,"M_B_B_0001",1,10001,0,0,0,0,0,0,0,0,0,0,0,0,
"СњХЎгАзг",5282,"M_E_B_0002",1,10001,0,0,0,0,0,0,0,0,0,0,0,0,
"КяХЎгАзг",5283,"M_I_B_0002",1,10001,0,0,0,0,0,0,0,0,0,0,0,0,
"УЈб§ЗД",5284,"G_J_A_maoyao_fan",1,10001,0,10007,0,0,0,0,0,0,0,0,0,0,
"РЯЦХЦХЗД",5285,"G_P_A_laopopo_fan",1,10001,0,0,0,0,0,0,0,0,0,0,0,0,
"ЯЩКзЭЏзгБГ",5286,"G_X_A_xianhetongzi_bei",1,10001,0,0,0,0,0,0,0,0,0,0,0,0,
"ОоШЫB",5287,"G_P_B_juren",1,10001,0,0,0,0,0,0,0,0,0,0,0,0,
"ЖРблФЇB",5288,"G_T_B_duyanmo",1,10001,0,0,0,0,0,0,0,0,0,0,0,0,
"ЕижЇЩёвњB",5289,"G_X_B_dizhishenyin",1,10001,0,0,0,0,0,0,0,0,0,0,0,0,
"ЬьХЃЙжC",5290,"G_J_C_tianniuguai",1,10001,0,10005,0,0,0,0,0,0,0,0,0,0,
"ОЃМЌЙъC",5291,"G_A_C_jingjigui",1,10001,0,10006,0,0,0,0,0,0,0,0,0,0,
"ОЃМЌЙъD",5292,"G_A_D_jingjigui",1,10001,0,10006,0,0,0,0,0,0,0,0,0,0,
"Р№гуОЋC",5293,"G_J_C_liyujing",1,10001,0,10006,0,0,0,0,0,0,0,0,0,0,
"ђсђцОЋ",5294,"G_A_A_xiyijing",1,10001,0,0,0,0,0,0,0,0,0,0,0,0,
"БљЙж",5295,"G_J_A_bingguai",1,10001,0,10005,0,0,0,0,0,0,0,0,0,0,
"Э­ЧЎЙж",5296,"G_J_A_tongqianguai",1,10001,0,10006,0,0,0,0,0,0,0,0,0,0,
"ЖДИЎЛЄЮР",5297,"G_P_A_gonghuihuwei",1,10001,0,10006,0,0,0,0,0,0,0,0,0,0,
"ЩЊУйУй",5298,"G_P_A_semimi",1,10001,0,10006,0,0,0,0,0,0,0,0,0,0,
"УЮїЪ",5299,"G_T_A_mengmei",1,10001,0,10006,0,0,0,0,0,0,0,0,0,0,
"гЮЩНб§B",5300,"G_J_B_youshanyao",1,10001,0,10003,0,0,0,0,0,0,0,0,0,0,
"ЫФаЧЦАГц",5301,"G_A_A_sixingpiaochong",1,10001,0,10004,0,0,0,0,0,0,0,0,0,0,
"ЪїОЋ",5302,"G_J_A_shujing",1,10001,0,10006,0,0,0,0,0,0,0,0,0,0,
"ГОЭСОЋ",5303,"G_J_A_chentujing",1,10001,0,10003,0,0,0,0,0,0,0,0,0,0,
"бвЪЏОЋ",5304,"G_J_A_yanshijing",1,10001,0,10005,0,0,0,0,0,0,0,0,0,0,
"аЁђљђ№",5305,"G_J_A_xiaobianfu",1,10001,0,10008,0,0,0,0,0,0,0,0,0,0,
"ПўРмЭоЭо",5306,"G_T_A_kuileiwawa",1,10001,0,10002,0,0,0,0,0,0,0,0,0,0,
"ОоЮВаЋзг",5307,"G_J_A_juweixiezi",1,10001,0,10007,0,0,0,0,0,0,0,0,0,0,
"еыДЬЙж",5308,"G_J_A_zhenciguai",1,10001,0,0,0,0,0,0,0,0,0,0,0,0,
"ОоамD",5309,"G_A_D_juxiong",1,10001,0,0,0,0,0,0,0,0,0,0,0,0,
"ЕчЪоЗД",5310,"G_X_A_dianshou_fan",1,10001,0,0,0,0,0,0,0,0,0,0,0,0,
"РзЪоЗД",5311,"G_X_A_leishou_fan",1,10001,0,0,0,0,0,0,0,0,0,0,0,0,
"ЙўЙўНЋЗД",5312,"G_P_A_hahajiang_fan",1,10001,0,0,0,0,0,0,0,0,0,0,0,0,
"КпКпНЋЗД",5313,"G_P_A_henghengjiang_fan",1,10001,0,0,0,0,0,0,0,0,0,0,0,0,
"АзЙЧОЋB",5314,"G_T_B_baigujing",1,10001,0,10002,0,0,0,0,0,0,0,0,0,0,
"ЙУФяB",5315,"M_N_B_guniang",1,10001,0,0,0,0,0,0,0,0,0,0,0,0,
"РЯШЫФаB",5316,"M_N_B_laorennan",1,10001,0,0,0,0,0,0,0,0,0,0,0,0,
"РЯЦХЦХB",5317,"G_P_B_laopopo",1,10001,0,0,0,0,0,0,0,0,0,0,0,0,
"зѓДШЗД",5318,"G_P_A_zuoci_fan",1,10001,0,0,0,0,0,0,0,0,0,0,0,0,
"1МЖПѓ",7001,"M_N_A_kuang1",1,10001,0,0,0,0,0,0,0,0,0,0,0,0,
"2МЖПѓ",7002,"M_N_A_kuang2",1,10001,0,0,0,0,0,0,0,0,0,0,0,0,
"3МЖПѓ",7003,"M_N_A_kuang3",1,10001,0,0,0,0,0,0,0,0,0,0,0,0,
"4МЖПѓ",7004,"M_N_A_kuang4",1,10001,0,0,0,0,0,0,0,0,0,0,0,0,
"5МЖПѓ",7005,"M_N_A_kuang5",1,10001,0,0,0,0,0,0,0,0,0,0,0,0,
"6МЖПѓ",7006,"M_N_A_kuang6",1,10001,0,0,0,0,0,0,0,0,0,0,0,0,
"7МЖПѓ",7007,"M_N_A_kuang7",1,10001,0,0,0,0,0,0,0,0,0,0,0,0,
"8МЖПѓ",7008,"M_N_A_kuang8",1,10001,0,0,0,0,0,0,0,0,0,0,0,0,
"9МЖПѓ",7009,"M_N_A_kuang9",1,10001,0,0,0,0,0,0,0,0,0,0,0,0,
"10МЖПѓ",7010,"M_N_A_kuang10",1,10001,0,0,0,0,0,0,0,0,0,0,0,0,
"1МЖФОЭЗ",7011,"M_N_A_mutou1",1,10001,0,0,0,0,0,0,0,0,0,0,0,0,
"2МЖФОЭЗ",7012,"M_N_A_mutou2",1,10001,0,0,0,0,0,0,0,0,0,0,0,0,
"3МЖФОЭЗ",7013,"M_N_A_mutou3",1,10001,0,0,0,0,0,0,0,0,0,0,0,0,
"4МЖФОЭЗ",7014,"M_N_A_mutou4",1,10001,0,0,0,0,0,0,0,0,0,0,0,0,
"5МЖФОЭЗ",7015,"M_N_A_mutou5",1,10001,0,0,0,0,0,0,0,0,0,0,0,0,
"6МЖФОЭЗ",7016,"M_N_A_mutou6",1,10001,0,0,0,0,0,0,0,0,0,0,0,0,
"7МЖФОЭЗ",7017,"M_N_A_mutou7",1,10001,0,0,0,0,0,0,0,0,0,0,0,0,
"8МЖФОЭЗ",7018,"M_N_A_mutou8",1,10001,0,0,0,0,0,0,0,0,0,0,0,0,
"9МЖФОЭЗ",7019,"M_N_A_mutou9",1,10001,0,0,0,0,0,0,0,0,0,0,0,0,
"10МЖФОЭЗ",7020,"M_N_A_mutou10",1,10001,0,0,0,0,0,0,0,0,0,0,0,0,
"1МЖВнвЉ",7021,"M_N_A_caoyao1",1,10001,0,0,0,0,0,0,0,0,0,0,0,0,
"2МЖВнвЉ",7022,"M_N_A_caoyao2",1,10001,0,0,0,0,0,0,0,0,0,0,0,0,
"3МЖВнвЉ",7023,"M_N_A_caoyao3",1,10001,0,0,0,0,0,0,0,0,0,0,0,0,
"4МЖВнвЉ",7024,"M_N_A_caoyao4",1,10001,0,0,0,0,0,0,0,0,0,0,0,0,
"5МЖВнвЉ",7025,"M_N_A_caoyao5",1,10001,0,0,0,0,0,0,0,0,0,0,0,0,
"6МЖВнвЉ",7026,"M_N_A_caoyao6",1,10001,0,0,0,0,0,0,0,0,0,0,0,0,
"7МЖВнвЉ",7027,"M_N_A_caoyao7",1,10001,0,0,0,0,0,0,0,0,0,0,0,0,
"8МЖВнвЉ",7028,"M_N_A_caoyao8",1,10001,0,0,0,0,0,0,0,0,0,0,0,0,
"9МЖВнвЉ",7029,"M_N_A_caoyao9",1,10001,0,0,0,0,0,0,0,0,0,0,0,0,
"10МЖВнвЉ",7030,"M_N_A_caoyao10",1,10001,0,0,0,0,0,0,0,0,0,0,0,0,
"ВЦЩёЃЈИњЃЉ",8001,"F_P_A_caishen",1,0,0,0,0,0,0,0,0,0,0,0,0,0,
"ЧюЩёЃЈИњЃЉ",8002,"F_P_A_qiongshen",1,0,0,0,0,0,0,0,0,0,0,0,0,0,
"ИЃЩёЃЈИњЃЉ",8003,"F_P_A_fushen",1,0,0,0,0,0,0,0,0,0,0,0,0,0,
"ЫЅЩёЃЈИњЃЉ",8004,"F_P_A_shuaishen",1,0,0,0,0,0,0,0,0,0,0,0,0,0,
"ТЛЩёЃЈИњЃЉ",8005,"F_P_A_lushen",1,0,0,0,0,0,0,0,0,0,0,0,0,0,
"аЁЦьжФ",8006,"F_P_A_xiaoqizhi",1,0,0,0,0,0,0,0,0,0,0,0,0,0,
"ХЦзг",8007,"F_P_A_paizi",1,0,0,0,0,0,0,0,0,0,0,0,0,0,
"ЙЅЛїжЎжњ",8008,"F_P_A_gongzhizhu",1,0,0,0,0,0,0,0,0,0,0,0,0,0,
"ЫйЖШжЎжњ",8009,"F_P_A_suzhizhu",1,0,0,0,0,0,0,0,0,0,0,0,0,0,
"КьКЂЖљ",8010,"H_A_A_honghaier",1,10001,0,0,0,0,0,0,0,0,0,0,0,0,
"гёХЎ",8011,"H_B_A_yunv",1,10001,0,0,0,0,0,0,0,0,0,0,0,0,
"ЕижЇЩёУЎ",8012,"H_A_A_dizhishenmao",1,10001,0,0,0,0,0,0,0,0,0,0,0,0,
"ЕижЇЩёвњ",8013,"H_A_A_dizhishenyin",1,10001,0,0,0,0,0,0,0,0,0,0,0,0,
"ЖўРЩЩё",8014,"H_A_A_erlangshen",1,10001,0,0,0,0,0,0,0,0,0,0,0,0,
"ЗЈКЃ",8015,"H_A_A_fahai",1,10001,0,0,0,0,0,0,0,0,0,0,0,0,
"ИЃЩё",8016,"H_A_A_fushen",1,10001,0,0,0,0,0,0,0,0,0,0,0,0,
"ТЛЩё",8017,"H_A_A_lushen",1,10001,0,0,0,0,0,0,0,0,0,0,0,0,
"ФЇРёКЃ",8018,"H_A_A_molihai",1,10001,0,0,0,0,0,0,0,0,0,0,0,0,
"ФЇРёКь",8019,"H_A_A_molihong",1,10001,0,0,0,0,0,0,0,0,0,0,0,0,
"ФЇРёЧр",8020,"H_A_A_moliqing",1,10001,0,0,0,0,0,0,0,0,0,0,0,0,
"ФЇРёЪй",8021,"H_A_A_molishou",1,10001,0,0,0,0,0,0,0,0,0,0,0,0,
"ФЯМЋЯЩЮЬ",8022,"H_A_A_nanjixianwen",1,10001,0,0,0,0,0,0,0,0,0,0,0,0,
"ФФпИ",8023,"H_A_A_nezha",1,10001,0,0,0,0,0,0,0,0,0,0,0,0,
"ХЬЙХ",8024,"H_A_A_pangu",1,10001,0,0,0,0,0,0,0,0,0,0,0,0,
"ЬьБј",8025,"H_A_A_tianbing",1,10001,0,0,0,0,0,0,0,0,0,0,0,0,
"ЬьНЋ",8026,"H_A_A_tianjiang",1,10001,0,0,0,0,0,0,0,0,0,0,0,0,
"аљдЏ",8027,"H_A_A_xuanyuan",1,10001,0,0,0,0,0,0,0,0,0,0,0,0,
"бУУХбВВЖ",8028,"H_A_A_yamenxunbu",1,10001,0,0,0,0,0,0,0,0,0,0,0,0,
"гёЕл",8029,"H_A_A_yudi",1,10001,0,0,0,0,0,0,0,0,0,0,0,0,
"жэАЫНф",8030,"H_A_A_zhubajie",1,10001,0,0,0,0,0,0,0,0,0,0,0,0,
"БљЖљ",8031,"H_B_A_binger",1,10001,0,0,0,0,0,0,0,0,0,0,0,0,
"ГЃЖ№",8032,"H_B_A_change",1,10001,0,0,0,0,0,0,0,0,0,0,0,0,
"ЕчФИ",8033,"H_B_A_dianmu",1,10001,0,0,0,0,0,0,0,0,0,0,0,0,
"КЮЯЩЙУ",8034,"H_B_A_hexiangu",1,10001,0,0,0,0,0,0,0,0,0,0,0,0,
"КќРъОЋ",8035,"H_B_A_hulijing",1,10001,0,0,0,0,0,0,0,0,0,0,0,0,
"КўЯЩ",8036,"H_B_A_hushen",1,10001,0,0,0,0,0,0,0,0,0,0,0,0,
"ОоАіОЋ",8037,"H_B_A_jubangjing",1,10001,0,0,0,0,0,0,0,0,0,0,0,0,
"ПЊЬь",8038,"H_B_A_kaitian",1,10001,0,0,0,0,0,0,0,0,0,0,0,0,
"СњЭѕЙЋжї",8039,"H_B_A_longgongzhu",1,10001,0,0,0,0,0,0,0,0,0,0,0,0,
"УЈб§",8040,"H_B_A_maoyao",1,10001,0,0,0,0,0,0,0,0,0,0,0,0,
"гёРъОЋ",8041,"H_B_A_niumowangqingren",1,10001,0,0,0,0,0,0,0,0,0,0,0,0,
"ХЎцД",8042,"H_B_A_nvwa",1,10001,0,0,0,0,0,0,0,0,0,0,0,0,
"ЬьНЋЖўЪР",8043,"H_B_A_tianjiang",1,10001,0,0,0,0,0,0,0,0,0,0,0,0,
"ЬњЩШЙЋжї",8044,"H_B_A_tieshangongzhu",1,10001,0,0,0,0,0,0,0,0,0,0,0,0,
"ЯЩХЎ",8045,"H_B_A_xiannv",1,10001,0,0,0,0,0,0,0,0,0,0,0,0,
"АзЫиеф",8046,"H_B_A_xiaobai",1,10001,0,0,0,0,0,0,0,0,0,0,0,0,
"аЁйЛ",8047,"H_B_A_xiaoqian",1,10001,0,0,0,0,0,0,0,0,0,0,0,0,
"ЯВШЕЙЋзг",8048,"H_B_A_xiquegongzi",1,10001,0,0,0,0,0,0,0,0,0,0,0,0,
"жЏХЎ",8049,"H_B_A_zhinv",1,10001,0,0,0,0,0,0,0,0,0,0,0,0,
"ЗРгљжЎжњ",8050,"F_P_A_fangzhizhu",1,0,0,0,0,0,0,0,0,0,0,0,0,0,
"УќжажЎжњ",8051,"F_P_A_mingzhizhu",1,0,0,0,0,0,0,0,0,0,0,0,0,0,
"ЩСЖужЎжњ",8052,"F_P_A_shanzhizhu",1,0,0,0,0,0,0,0,0,0,0,0,0,0,
"якГЕ1",8053,"biaoche_one",1,10001,0,0,0,0,0,0,0,0,0,0,0,0,
"якГЕ2",8054,"biaoche_two",1,10001,0,0,0,0,0,0,0,0,0,0,0,0,
"якГЕ3",8055,"biaoche_three",1,10001,0,0,0,0,0,0,0,0,0,0,0,0,
"ЭСЗЫЭЗСь",8056,"H_B_A_tufeitouling",1,10001,0,0,0,0,0,0,0,0,0,0,0,0,
"ПЦОйПМЪд(ЭЏЩњ)",8057,"F_P_A_tongsheng",1,0,0,0,0,0,0,0,0,0,0,0,0,0,
"ПЦОйПМЪд(ауВХ)",8058,"F_P_A_xiucai",1,0,0,0,0,0,0,0,0,0,0,0,0,0,
"ПЦОйПМЪд(ОйШЫ)",8059,"F_P_A_juren",1,0,0,0,0,0,0,0,0,0,0,0,0,0,
"ПЦОйПМЪд(ЙБЪП)",8060,"F_P_A_gongshi",1,0,0,0,0,0,0,0,0,0,0,0,0,0,
"ПЦОйПМЪд(ЬНЛЈ)",8061,"F_P_A_tanhua",1,0,0,0,0,0,0,0,0,0,0,0,0,0,
"ПЦОйПМЪд(Аёбл)",8062,"F_P_A_bangyan",1,0,0,0,0,0,0,0,0,0,0,0,0,0,
"ПЦОйПМЪд(зДдЊ)",8063,"F_P_A_zhuangyuan",1,0,0,0,0,0,0,0,0,0,0,0,0,0,
"ЩШзг",9001,"shanzi",1,0,0,0,0,0,0,0,0,0,0,0,0,0,
"НюЖЗдЦ",9002,"jindouyun",1,0,0,0,0,0,0,0,0,0,0,0,0,0,
"КљТЋКѓ",9003,"hulu_back",1,0,0,0,0,0,0,0,0,0,0,0,0,0,
"КљТЋЧА",9004,"hulu_front",1,0,0,0,0,0,0,0,0,0,0,0,0,0,
"ЕлЭѕЕАИт",9005,"diwangdangao",1,10001,0,0,0,0,0,0,0,0,0,0,0,0,
"ЗяЛЫУЋ",9006,"fenghuangmao",1,10001,0,0,0,0,0,0,0,0,0,0,0,0,
"СЋЛЈБІзљ",9007,"lianhuabaozuo",1,10001,0,0,0,0,0,0,0,0,0,0,0,0,
"ЧЌРЄАЫидХЬ",9008,"qiankunbaguapan",1,10001,0,0,0,0,0,0,0,0,0,0,0,0,
"ЮфЦїЬиаЇ1",11001,"E_A_A_0001",1,0,0,0,0,0,0,0,0,0,0,0,0,0,
"ЮфЦїЬиаЇ2",11002,"E_A_A_0002",1,0,0,0,0,0,0,0,0,0,0,0,0,0,
"ЮфЦїЬиаЇ3",11003,"E_B_A_0001",1,0,0,0,0,0,0,0,0,0,0,0,0,0,
"ЮфЦїЬиаЇ4",11004,"E_B_A_0002",1,0,0,0,0,0,0,0,0,0,0,0,0,0,
"ЮфЦїЬиаЇ5",11005,"E_C_A_0001",1,0,0,0,0,0,0,0,0,0,0,0,0,0,
"ЮфЦїЬиаЇ6",11006,"E_C_A_0002",1,0,0,0,0,0,0,0,0,0,0,0,0,0,
"ЮфЦїЬиаЇ7",11007,"E_D_A_0001",1,0,0,0,0,0,0,0,0,0,0,0,0,0,
"ЮфЦїЬиаЇ8",11008,"E_D_A_0002",1,0,0,0,0,0,0,0,0,0,0,0,0,0,
"ЮфЦїЬиаЇ9",11009,"E_E_A_0001",1,0,0,0,0,0,0,0,0,0,0,0,0,0,
"ЮфЦїЬиаЇ10",11010,"E_E_A_0002",1,0,0,0,0,0,0,0,0,0,0,0,0,0,
"ЮфЦїЬиаЇ11",11011,"E_F_A_0001",1,0,0,0,0,0,0,0,0,0,0,0,0,0,
"ЮфЦїЬиаЇ12",11012,"E_F_A_0002",1,0,0,0,0,0,0,0,0,0,0,0,0,0,
"ЮфЦїЬиаЇ13",11013,"E_G_A_0001",1,0,0,0,0,0,0,0,0,0,0,0,0,0,
"ЮфЦїЬиаЇ14",11014,"E_G_A_0002",1,0,0,0,0,0,0,0,0,0,0,0,0,0,
"ЮфЦїЬиаЇ15",11015,"E_H_A_0001",1,0,0,0,0,0,0,0,0,0,0,0,0,0,
"ЮфЦїЬиаЇ16",11016,"E_H_A_0002",1,0,0,0,0,0,0,0,0,0,0,0,0,0,
"ЮфЦїЬиаЇ17",11017,"E_I_A_0001",1,0,0,0,0,0,0,0,0,0,0,0,0,0,
"ЮфЦїЬиаЇ18",11018,"E_I_A_0002",1,0,0,0,0,0,0,0,0,0,0,0,0,0,
"ЮфЦїЬиаЇ19",11019,"E_J_A_0001",1,0,0,0,0,0,0,0,0,0,0,0,0,0,
"ЮфЦїЬиаЇ20",11020,"E_J_A_0002",1,0,0,0,0,0,0,0,0,0,0,0,0,0,
"ЮфЦїЬиаЇ21",11021,"E_K_A_0001",1,0,0,0,0,0,0,0,0,0,0,0,0,0,
"ЮфЦїЬиаЇ22",11022,"E_K_A_0002",1,0,0,0,0,0,0,0,0,0,0,0,0,0,
"ЮфЦїЬиаЇ23",11023,"E_L_A_0001",1,0,0,0,0,0,0,0,0,0,0,0,0,0,
"ЮфЦїЬиаЇ24",11024,"E_L_A_0002",1,0,0,0,0,0,0,0,0,0,0,0,0,0,
"чГСщКќКѓ",11025,"feilinghu_back",1,10001,0,0,0,0,0,0,0,0,0,0,0,0,
"чГСщКќЧА",11026,"feilinghu_front",1,10001,0,0,0,0,0,0,0,0,0,0,0,0,
"Л№блН№ОЋЪоКѓ",11027,"huoyanjingjingshou_back",1,10001,0,0,0,0,0,0,0,0,0,0,0,0,
"Л№блН№ОЋЪоЧА",11028,"huoyanjingjingshou_front",1,10001,0,0,0,0,0,0,0,0,0,0,0,0,
"ОЋЮРКѓ",11029,"jingwei_back",1,10001,0,0,0,0,0,0,0,0,0,0,0,0,
"ОЋЮРЧА",11030,"jingwei_front",1,10001,0,0,0,0,0,0,0,0,0,0,0,0,
"Н№гуКѓ",11031,"jingyu_back",1,10001,0,0,0,0,0,0,0,0,0,0,0,0,
"Н№гуЧА",11032,"jingyu_front",1,10001,0,0,0,0,0,0,0,0,0,0,0,0,
"тЁтЅКѓ",11033,"junni_back",1,10001,0,0,0,0,0,0,0,0,0,0,0,0,
"тЁтЅЧА",11034,"junni_front",1,10001,0,0,0,0,0,0,0,0,0,0,0,0,
"ФОТэКѓ",11035,"muma_back",1,10001,0,0,0,0,0,0,0,0,0,0,0,0,
"ФОТэЧА",11036,"muma_front",1,10001,0,0,0,0,0,0,0,0,0,0,0,0,
"ївїбКѓ",11037,"taotie_back",1,10001,0,0,0,0,0,0,0,0,0,0,0,0,
"ївїбЧА",11038,"taotie_front",1,10001,0,0,0,0,0,0,0,0,0,0,0,0,
"амУЈКѓ",11039,"xiongmao_back",1,10001,0,0,0,0,0,0,0,0,0,0,0,0,
"амУЈЧА",11040,"xiongmao_front",1,10001,0,0,0,0,0,0,0,0,0,0,0,0,
"азХЃКѓ",11041,"xiongniu_back",1,10001,0,0,0,0,0,0,0,0,0,0,0,0,
"азХЃЧА",11042,"xiongniu_front",1,10001,0,0,0,0,0,0,0,0,0,0,0,0,
"ЮфЦїЬиаЇ25",12001,"E_A_B_0001",1,0,0,0,0,0,0,0,0,0,0,0,0,0,
"ЮфЦїЬиаЇ26",12002,"E_A_B_0002",1,0,0,0,0,0,0,0,0,0,0,0,0,0,
"ЮфЦїЬиаЇ27",12003,"E_B_B_0001",1,0,0,0,0,0,0,0,0,0,0,0,0,0,
"ЮфЦїЬиаЇ28",12004,"E_B_B_0002",1,0,0,0,0,0,0,0,0,0,0,0,0,0,
"ЮфЦїЬиаЇ29",12005,"E_C_B_0001",1,0,0,0,0,0,0,0,0,0,0,0,0,0,
"ЮфЦїЬиаЇ30",12006,"E_C_B_0002",1,0,0,0,0,0,0,0,0,0,0,0,0,0,
"ЮфЦїЬиаЇ31",12007,"E_D_B_0001",1,0,0,0,0,0,0,0,0,0,0,0,0,0,
"ЮфЦїЬиаЇ32",12008,"E_D_B_0002",1,0,0,0,0,0,0,0,0,0,0,0,0,0,
"ЮфЦїЬиаЇ33",12009,"E_E_B_0001",1,0,0,0,0,0,0,0,0,0,0,0,0,0,
"ЮфЦїЬиаЇ34",12010,"E_E_B_0002",1,0,0,0,0,0,0,0,0,0,0,0,0,0,
"ЮфЦїЬиаЇ35",12011,"E_F_B_0001",1,0,0,0,0,0,0,0,0,0,0,0,0,0,
"ЮфЦїЬиаЇ36",12012,"E_F_B_0002",1,0,0,0,0,0,0,0,0,0,0,0,0,0,
"ЮфЦїЬиаЇ37",12013,"E_G_B_0001",1,0,0,0,0,0,0,0,0,0,0,0,0,0,
"ЮфЦїЬиаЇ38",12014,"E_G_B_0002",1,0,0,0,0,0,0,0,0,0,0,0,0,0,
"ЮфЦїЬиаЇ39",12015,"E_H_B_0001",1,0,0,0,0,0,0,0,0,0,0,0,0,0,
"ЮфЦїЬиаЇ40",12016,"E_H_B_0002",1,0,0,0,0,0,0,0,0,0,0,0,0,0,
"ЮфЦїЬиаЇ41",12017,"E_I_B_0001",1,0,0,0,0,0,0,0,0,0,0,0,0,0,
"ЮфЦїЬиаЇ42",12018,"E_I_B_0002",1,0,0,0,0,0,0,0,0,0,0,0,0,0,
"ЮфЦїЬиаЇ43",12019,"E_J_B_0001",1,0,0,0,0,0,0,0,0,0,0,0,0,0,
"ЮфЦїЬиаЇ44",12020,"E_J_B_0002",1,0,0,0,0,0,0,0,0,0,0,0,0,0,
"ЮфЦїЬиаЇ45",12021,"E_K_B_0001",1,0,0,0,0,0,0,0,0,0,0,0,0,0,
"ЮфЦїЬиаЇ46",12022,"E_K_B_0002",1,0,0,0,0,0,0,0,0,0,0,0,0,0,
"ЮфЦїЬиаЇ47",12023,"E_L_B_0001",1,0,0,0,0,0,0,0,0,0,0,0,0,0,
"ЮфЦїЬиаЇ48",12024,"E_L_B_0002",1,0,0,0,0,0,0,0,0,0,0,0,0,0,
"ТуФа",20001,"R_N_K_0001",1,0,0,0,0,0,0,0,0,0,0,0,0,0,
"ТуХЎ",20002,"R_N_K_0002",1,0,0,0,0,0,0,0,0,0,0,0,0,0,
"ВмЙњОЫЭШ",20003,"R_N_L_caoguojiu",1,0,0,0,2,2,2,2,2,2,2,2,0,0,
"ВмЙњОЫЪж",20004,"R_N_S_caoguojiu",1,0,0,0,1,1,1,1,1,1,1,1,0,0,
"ВмЙњОЫЭЗ",20005,"R_N_T_caoguojiu",1,0,0,0,0,0,0,0,0,0,0,0,0,0,
"ВмЙњОЫаи",20006,"R_N_X_caoguojiu",1,0,0,0,1,1,1,1,1,1,1,1,0,0,
"ВмЙњОЫбќ",20007,"R_N_Y_caoguojiu",1,0,0,0,3,3,3,3,3,3,3,3,0,0,
"ВмЙњОЫМч",20008,"R_N_J_caoguojiu",1,0,0,0,3,3,3,3,3,3,3,3,0,0,
"аљдЏНХ",20009,"R_N_F_xuanyuan",1,0,0,0,2,2,2,2,2,2,2,2,0,0,
"аљдЏЭШ",20010,"R_N_L_xuanyuan",1,0,0,0,2,2,2,2,2,2,2,2,0,0,
"аљдЏЪж",20011,"R_N_S_xuanyuan",1,0,0,0,1,1,1,1,1,1,1,1,0,0,
"аљдЏЭЗ",20012,"R_N_T_xuanyuan",1,0,0,0,0,0,0,0,0,0,0,0,0,0,
"аљдЏаи",20013,"R_N_X_xuanyuan",1,0,0,0,1,1,1,1,1,1,1,1,0,0,
"аљдЏбќ",20014,"R_N_Y_xuanyuan",1,0,0,0,3,3,3,3,3,3,3,3,0,0,
"аљдЏМч",20015,"R_N_J_xuanyuan",1,0,0,0,3,3,3,3,3,3,3,3,0,0,
"аљдЏХћЗч",20016,"R_N_P_xuanyuan",1,0,0,0,1,1,1,1,1,1,1,1,0,0,
"ГсАђ",20014,"R_N_O_chibang",1,0,0,0,1,1,1,1,1,1,1,1,0,0,
"ЭЗЪЮ",20015,"R_N_O_toushi",1,0,0,0,1,1,1,1,1,1,1,1,0,0,
"бќДј",20016,"R_N_O_yaodai",1,0,0,0,3,3,3,3,3,3,3,3,0,0,
"ТуФаЭЗЗЂ",20017,"R_N_E_luonantoufa",1,0,0,0,0,0,0,0,0,0,0,0,0,0,
"ТуХЎЭЗЗЂ",20018,"R_N_E_luonvtoufa",1,0,0,0,0,0,0,0,0,0,0,0,0,0,
"ФаЦь",20039,"R_N_0_nanqi",1,0,0,0,1,1,1,1,1,1,1,1,0,0,
"ХЎЦь",20040,"R_N_0_nvqi",1,0,0,0,1,1,1,1,1,1,1,1,0,0,
"ДЬПЭЭЗ",20041,"R_N_T_cike",1,0,0,0,0,0,0,0,0,0,0,0,0,0,
"ДЬПЭбќ",20042,"R_N_Y_cike",1,0,0,0,3,3,3,3,3,3,3,3,0,0,
"ДЬПЭЭШ",20043,"R_N_T_cike",1,0,0,0,2,2,2,2,2,2,2,2,0,0,
"ДЬПЭНХ",20044,"R_N_F_cike",1,0,0,0,2,2,2,2,2,2,2,2,0,0,
"ДђИќШЫЭЗ",20045,"R_N_T_dagengren",1,0,0,0,0,0,0,0,0,0,0,0,0,0,
"ДђИќШЫЪж",20046,"R_N_S_dagengren",1,0,0,0,1,1,1,1,1,1,1,1,0,0,
"ДђИќШЫаи",20047,"R_N_X_dagengren",1,0,0,0,1,1,1,1,1,1,1,1,0,0,
"ДђИќШЫбќ",20048,"R_N_Y_dagengren",1,0,0,0,3,3,3,3,3,3,3,3,0,0,
"ДђИќШЫЭШ",20049,"R_N_L_dagengren",1,0,0,0,2,2,2,2,2,2,2,2,0,0,
"ДђИќШЫНХ",20050,"R_N_F_dagengren",1,0,0,0,2,2,2,2,2,2,2,2,0,0,
"ЕъаЁЖўЭЗ",20051,"R_N_T_dianxiaoer",1,0,0,0,0,0,0,0,0,0,0,0,0,0,
"ЕъаЁЖўЪж",20052,"R_N_S_dianxiaoer",1,0,0,0,1,1,1,1,1,1,1,1,0,0,
"ЕъаЁЖўаи",20053,"R_N_X_dianxiaoer",1,0,0,0,1,1,1,1,1,1,1,1,0,0,
"ЕъаЁЖўбќ",20054,"R_N_Y_dianxiaoer",1,0,0,0,3,3,3,3,3,3,3,3,0,0,
"ЕъаЁЖўЭШ",20055,"R_N_L_dianxiaoer",1,0,0,0,2,2,2,2,2,2,2,2,0,0,
"ЕъаЁЖўНХ",20056,"R_N_F_dianxiaoer",1,0,0,0,2,2,2,2,2,2,2,2,0,0,
"ЕижЇЩёвњЭЗ",20057,"R_N_T_dizhishenyin",1,0,0,0,0,0,0,0,0,0,0,0,0,0,
"ЕижЇЩёвњЪж",20058,"R_N_S_dizhishenyin",1,0,0,0,1,1,1,1,1,1,1,1,0,0,
"ЕижЇЩёвњаи",20059,"R_N_X_dizhishenyin",1,0,0,0,1,1,1,1,1,1,1,1,0,0,
"ЕижЇЩёвњбќ",20060,"R_N_Y_dizhishenyin",1,0,0,0,3,3,3,3,3,3,3,3,0,0,
"ЕижЇЩёвњЭШ",20061,"R_N_L_dizhishenyin",1,0,0,0,2,2,2,2,2,2,2,2,0,0,
"ЕижЇЩёвњНХ",20062,"R_N_F_dizhishenyin",1,0,0,0,2,2,2,2,2,2,2,2,0,0,
"ЕижЇЩёвњМч",20063,"R_N_J_dizhishenyin",1,0,0,0,3,3,3,3,3,3,3,3,0,0,
"ЖўРЩЩёЭЗ",20064,"R_N_T_erlangshen",1,0,0,0,0,0,0,0,0,0,0,0,0,0,
"ЖўРЩЩёЪж",20065,"R_N_S_erlangshen",1,0,0,0,1,1,1,1,1,1,1,1,0,0,
"ЖўРЩЩёаи",20066,"R_N_X_erlangshen",1,0,0,0,1,1,1,1,1,1,1,1,0,0,
"ЖўРЩЩёбќ",20067,"R_N_Y_erlangshen",1,0,0,0,3,3,3,3,3,3,3,3,0,0,
"ЖўРЩЩёЭШ",20068,"R_N_L_erlangshen",1,0,0,0,2,2,2,2,2,2,2,2,0,0,
"ЖўРЩЩёНХ",20069,"R_N_F_erlangshen",1,0,0,0,2,2,2,2,2,2,2,2,0,0,
"ЖўРЩЩёМч",20070,"R_N_J_erlangshen",1,0,0,0,3,3,3,3,3,3,3,3,0,0,
"ЙѓЙЋзгЭЗ",20071,"R_N_T_guigongzi",1,0,0,0,0,0,0,0,0,0,0,0,0,0,
"ЙѓЙЋзгЪж",20072,"R_N_S_guigongzi",1,0,0,0,1,1,1,1,1,1,1,1,0,0,
"ЙѓЙЋзгаи",20073,"R_N_X_guigongzi",1,0,0,0,1,1,1,1,1,1,1,1,0,0,
"ЙѓЙЋзгбќ",20074,"R_N_Y_guigongzi",1,0,0,0,3,3,3,3,3,3,3,3,0,0,
"ЙѓЙЋзгЭШ",20075,"R_N_L_guigongzi",1,0,0,0,2,2,2,2,2,2,2,2,0,0,
"ЙѓЙЋзгНХ",20076,"R_N_F_guigongzi",1,0,0,0,2,2,2,2,2,2,2,2,0,0,
"ЙѓЙЋзгМч",20077,"R_N_J_guigongzi",1,0,0,0,3,3,3,3,3,3,3,3,0,0,
"КЋЯцзгЭЗ",20078,"R_N_T_hanxiangzi",1,0,0,0,0,0,0,0,0,0,0,0,0,0,
"КЋЯцзгЪж",20079,"R_N_S_hanxiangzi",1,0,0,0,1,1,1,1,1,1,1,1,0,0,
"КЋЯцзгаи",20080,"R_N_X_hanxiangzi",1,0,0,0,1,1,1,1,1,1,1,1,0,0,
"КЋЯцзгбќ",20081,"R_N_Y_hanxiangzi",1,0,0,0,3,3,3,3,3,3,3,3,0,0,
"КЋЯцзгЭШ",20082,"R_N_L_hanxiangzi",1,0,0,0,2,2,2,2,2,2,2,2,0,0,
"КЋЯцзгНХ",20083,"R_N_F_hanxiangzi",1,0,0,0,2,2,2,2,2,2,2,2,0,0,
"КЋЯцзгМч",20084,"R_N_J_hanxiangzi",1,0,0,0,3,3,3,3,3,3,3,3,0,0,
"КпКпНЋЭЗ",20085,"R_N_T_henghengjiang",1,0,0,0,0,0,0,0,0,0,0,0,0,0,
"КпКпНЋЪж",20086,"R_N_S_henghengjiang",1,0,0,0,1,1,1,1,1,1,1,1,0,0,
"КпКпНЋаи",20087,"R_N_X_henghengjiang",1,0,0,0,1,1,1,1,1,1,1,1,0,0,
"КпКпНЋбќ",20088,"R_N_Y_henghengjiang",1,0,0,0,3,3,3,3,3,3,3,3,0,0,
"КпКпНЋЭШ",20089,"R_N_L_henghengjiang",1,0,0,0,2,2,2,2,2,2,2,2,0,0,
"КпКпНЋНХ",20090,"R_N_F_henghengjiang",1,0,0,0,2,2,2,2,2,2,2,2,0,0,
"КпКпНЋМч",20091,"R_N_J_henghengjiang",1,0,0,0,3,3,3,3,3,3,3,3,0,0,
"Л№ЩёЭЗ",20092,"R_N_T_huoshen",1,0,0,0,0,0,0,0,0,0,0,0,0,0,
"Л№ЩёЪж",20093,"R_N_S_huoshen",1,0,0,0,1,1,1,1,1,1,1,1,0,0,
"Л№Щёаи",20094,"R_N_X_huoshen",1,0,0,0,1,1,1,1,1,1,1,1,0,0,
"Л№Щёбќ",20095,"R_N_Y_huoshen",1,0,0,0,3,3,3,3,3,3,3,3,0,0,
"Л№ЩёЭШ",20096,"R_N_L_huoshen",1,0,0,0,2,2,2,2,2,2,2,2,0,0,
"Л№ЩёНХ",20097,"R_N_F_huoshen",1,0,0,0,2,2,2,2,2,2,2,2,0,0,
"Л№ЩёМч",20098,"R_N_J_huoshen",1,0,0,0,3,3,3,3,3,3,3,3,0,0,
"МУЙЋЭЗ",20099,"R_N_T_jigong",1,0,0,0,0,0,0,0,0,0,0,0,0,0,
"МУЙЋНХ",20100,"R_N_F_jigong",1,0,0,0,2,2,2,2,2,2,2,2,0,0,
"Н№пИЭЗ",20101,"R_N_T_jinzha",1,0,0,0,0,0,0,0,0,0,0,0,0,0,
"Н№пИЪж",20102,"R_N_S_jinzha",1,0,0,0,1,1,1,1,1,1,1,1,0,0,
"Н№пИаи",20103,"R_N_X_jinzha",1,0,0,0,1,1,1,1,1,1,1,1,0,0,
"Н№пИбќ",20104,"R_N_Y_jinzha",1,0,0,0,3,3,3,3,3,3,3,3,0,0,
"Н№пИЭШ",20105,"R_N_L_jinzha",1,0,0,0,2,2,2,2,2,2,2,2,0,0,
"Н№пИНХ",20106,"R_N_F_jinzha",1,0,0,0,2,2,2,2,2,2,2,2,0,0,
"Н№пИМч",20107,"R_N_J_jinzha",1,0,0,0,3,3,3,3,3,3,3,3,0,0,
"ОХЭЗГцЭЗ",20108,"R_N_T_jiutouchong",1,0,0,0,0,0,0,0,0,0,0,0,0,0,
"ОХЭЗГцЪж",20109,"R_N_S_jiutouchong",1,0,0,0,1,1,1,1,1,1,1,1,0,0,
"ОХЭЗГцаи",20110,"R_N_X_jiutouchong",1,0,0,0,1,1,1,1,1,1,1,1,0,0,
"ОХЭЗГцбќ",20111,"R_N_Y_jiutouchong",1,0,0,0,3,3,3,3,3,3,3,3,0,0,
"ОХЭЗГцЭШ",20112,"R_N_L_jiutouchong",1,0,0,0,2,2,2,2,2,2,2,2,0,0,
"ОХЭЗГцНХ",20113,"R_N_F_jiutouchong",1,0,0,0,2,2,2,2,2,2,2,2,0,0,
"ОХЭЗГцМч",20114,"R_N_J_jiutouchong",1,0,0,0,3,3,3,3,3,3,3,3,0,0,
"РМВЩКЭЭЗ",20115,"R_N_T_lancaihe",1,0,0,0,0,0,0,0,0,0,0,0,0,0,
"РМВЩКЭЪж",20116,"R_N_S_lancaihe",1,0,0,0,1,1,1,1,1,1,1,1,0,0,
"РМВЩКЭаи",20117,"R_N_X_lancaihe",1,0,0,0,1,1,1,1,1,1,1,1,0,0,
"РМВЩКЭбќ",20118,"R_N_Y_lancaihe",1,0,0,0,3,3,3,3,3,3,3,3,0,0,
"РМВЩКЭЭШ",20119,"R_N_L_lancaihe",1,0,0,0,2,2,2,2,2,2,2,2,0,0,
"РМВЩКЭНХ",20120,"R_N_F_lancaihe",1,0,0,0,2,2,2,2,2,2,2,2,0,0,
"РМВЩКЭМч",20121,"R_N_J_lancaihe",1,0,0,0,3,3,3,3,3,3,3,3,0,0,
"ФаШЫЭЗ",20122,"R_N_T_nanren",1,0,0,0,0,0,0,0,0,0,0,0,0,0,
"ФаШЫЪж",20123,"R_N_S_nanren",1,0,0,0,1,1,1,1,1,1,1,1,0,0,
"ФаШЫаи",20124,"R_N_X_nanren",1,0,0,0,1,1,1,1,1,1,1,1,0,0,
"ФаШЫбќ",20125,"R_N_Y_nanren",1,0,0,0,3,3,3,3,3,3,3,3,0,0,
"ФаШЫЭШ",20126,"R_N_L_nanren",1,0,0,0,2,2,2,2,2,2,2,2,0,0,
"ФаШЫНХ",20127,"R_N_F_nanren",1,0,0,0,2,2,2,2,2,2,2,2,0,0,
"ХЃФЇЭѕЧщШЫЭЗ",20129,"R_N_T_niumowangqingren",1,0,0,0,0,0,0,0,0,0,0,0,0,0,
"ХЃФЇЭѕЧщШЫЪж",20130,"R_N_S_niumowangqingren",1,0,0,0,1,1,1,1,1,1,1,1,0,0,
"ХЃФЇЭѕЧщШЫаи",20131,"R_N_X_niumowangqingren",1,0,0,0,1,1,1,1,1,1,1,1,0,0,
"ХЃФЇЭѕЧщШЫбќ",20132,"R_N_Y_niumowangqingren",1,0,0,0,3,3,3,3,3,3,3,3,0,0,
"ХЃФЇЭѕЧщШЫЭШ",20133,"R_N_L_niumowangqingren",1,0,0,0,2,2,2,2,2,2,2,2,0,0,
"ХЃФЇЭѕЧщШЫНХ",20134,"R_N_F_niumowangqingren",1,0,0,0,2,2,2,2,2,2,2,2,0,0,
"ХЬЙХЭЗ",20135,"R_N_T_pangu",1,0,0,0,0,0,0,0,0,0,0,0,0,0,
"ХЬЙХЪж",20136,"R_N_S_pangu",1,0,0,0,1,1,1,1,1,1,1,1,0,0,
"ХЬЙХаи",20137,"R_N_X_pangu",1,0,0,0,1,1,1,1,1,1,1,1,0,0,
"ХЬЙХбќ",20138,"R_N_Y_pangu",1,0,0,0,3,3,3,3,3,3,3,3,0,0,
"ХЬЙХЭШ",20139,"R_N_L_pangu",1,0,0,0,2,2,2,2,2,2,2,2,0,0,
"ХЬЙХНХ",20140,"R_N_F_pangu",1,0,0,0,2,2,2,2,2,2,2,2,0,0,
"ХЬЙХМч",20141,"R_N_J_pangu",1,0,0,0,3,3,3,3,3,3,3,3,0,0,
"ЦыЬьДѓЪЅЭЗ",20142,"R_N_T_qitiandasheng",1,0,0,0,0,0,0,0,0,0,0,0,0,0,
"ЦыЬьДѓЪЅЪж",20143,"R_N_S_qitiandasheng",1,0,0,0,1,1,1,1,1,1,1,1,0,0,
"ЦыЬьДѓЪЅаи",20144,"R_N_X_qitiandasheng",1,0,0,0,1,1,1,1,1,1,1,1,0,0,
"ЦыЬьДѓЪЅбќ",20145,"R_N_Y_qitiandasheng",1,0,0,0,3,3,3,3,3,3,3,3,0,0,
"ЦыЬьДѓЪЅЭШ",20146,"R_N_L_qitiandasheng",1,0,0,0,2,2,2,2,2,2,2,2,0,0,
"ЦыЬьДѓЪЅНХ",20147,"R_N_F_qitiandasheng",1,0,0,0,2,2,2,2,2,2,2,2,0,0,
"ЦыЬьДѓЪЅМч",20148,"R_N_J_qitiandasheng",1,0,0,0,3,3,3,3,3,3,3,3,0,0,
"аЁЧрЭЗ",20149,"R_N_T_xiaoqing",1,0,0,0,0,0,0,0,0,0,0,0,0,0,
"аЁЧрЪж",20150,"R_N_S_xiaoqing",1,0,0,0,1,1,1,1,1,1,1,1,0,0,
"аЁЧраи",20151,"R_N_X_xiaoqing",1,0,0,0,1,1,1,1,1,1,1,1,0,0,
"аЁЧрбќ",20152,"R_N_Y_xiaoqing",1,0,0,0,3,3,3,3,3,3,3,3,0,0,
"аЁЧрЭШ",20153,"R_N_L_xiaoqing",1,0,0,0,2,2,2,2,2,2,2,2,0,0,
"аЁЧрНХ",20154,"R_N_F_xiaoqing",1,0,0,0,2,2,2,2,2,2,2,2,0,0,
"вНЪІЭЗ",20155,"R_N_T_yishi",1,0,0,0,0,0,0,0,0,0,0,0,0,0,
"вНЪІЪж",20156,"R_N_S_yishi",1,0,0,0,1,1,1,1,1,1,1,1,0,0,
"вНЪІаи",20157,"R_N_X_yishi",1,0,0,0,1,1,1,1,1,1,1,1,0,0,
"вНЪІбќ",20158,"R_N_Y_yishi",1,0,0,0,3,3,3,3,3,3,3,3,0,0,
"вНЪІЭШ",20159,"R_N_L_yishi",1,0,0,0,2,2,2,2,2,2,2,2,0,0,
"вНЪІНХ",20160,"R_N_F_yishi",1,0,0,0,2,2,2,2,2,2,2,2,0,0,
"гёХЎЭЗ",20161,"R_N_T_yunv",1,0,0,0,0,0,0,0,0,0,0,0,0,0,
"гёХЎЪж",20162,"R_N_S_yunv",1,0,0,0,1,1,1,1,1,1,1,1,0,0,
"гёХЎаи",20163,"R_N_X_yunv",1,0,0,0,1,1,1,1,1,1,1,1,0,0,
"гёХЎбќ",20164,"R_N_Y_yunv",1,0,0,0,3,3,3,3,3,3,3,3,0,0,
"гёХЎЭШ",20165,"R_N_L_yunv",1,0,0,0,2,2,2,2,2,2,2,2,0,0,
"гёХЎНХ",20166,"R_N_F_yunv",1,0,0,0,2,2,2,2,2,2,2,2,0,0,
"зѓДШЭЗ",20167,"R_N_T_zuoci",1,0,0,0,0,0,0,0,0,0,0,0,0,0,
"зѓДШЪж",20168,"R_N_S_zuoci",1,0,0,0,1,1,1,1,1,1,1,1,0,0,
"зѓДШаи",20169,"R_N_X_zuoci",1,0,0,0,1,1,1,1,1,1,1,1,0,0,
"зѓДШбќ",20170,"R_N_Y_zuoci",1,0,0,0,3,3,3,3,3,3,3,3,0,0,
"зѓДШЭШ",20171,"R_N_L_zuoci",1,0,0,0,2,2,2,2,2,2,2,2,0,0,
"зѓДШНХ",20172,"R_N_F_zuoci",1,0,0,0,2,2,2,2,2,2,2,2,0,0,
"цЯЖ№ЭЗ",20173,"R_N_T_change",1,0,0,0,0,0,0,0,0,0,0,0,0,0,
"цЯЖ№Ъж",20174,"R_N_S_change",1,0,0,0,1,1,1,1,1,1,1,1,0,0,
"цЯЖ№аи",20175,"R_N_X_change",1,0,0,0,1,1,1,1,1,1,1,1,0,0,
"цЯЖ№бќ",20176,"R_N_Y_change",1,0,0,0,3,3,3,3,3,3,3,3,0,0,
"цЯЖ№ЭШ",20177,"R_N_L_change",1,0,0,0,2,2,2,2,2,2,2,2,0,0,
"цЯЖ№Мч",20178,"R_N_J_change",1,0,0,0,3,3,3,3,3,3,3,3,0,0,
"ДѓХєЭЗ",20179,"R_N_T_dapeng",1,0,0,0,0,0,0,0,0,0,0,0,0,0,
"ДѓХєЪж",20180,"R_N_S_dapeng",1,0,0,0,1,1,1,1,1,1,1,1,0,0,
"ДѓХєаи",20181,"R_N_X_dapeng",1,0,0,0,1,1,1,1,1,1,1,1,0,0,
"ДѓХєбќ",20182,"R_N_Y_dapeng",1,0,0,0,3,3,3,3,3,3,3,3,0,0,
"ДѓХєЭШ",20183,"R_N_L_dapeng",1,0,0,0,2,2,2,2,2,2,2,2,0,0,
"ДѓХєМч",20184,"R_N_J_dapeng",1,0,0,0,3,3,3,3,3,3,3,3,0,0,
"ЕигќЮфЙйМч",20185,"R_N_J_diyuwuguan",1,0,0,0,3,3,3,3,3,3,3,3,0,0,
"ЙЄЛсЛсГЄЭЗ",20186,"R_N_T_gonghuihuizhang",1,0,0,0,0,0,0,0,0,0,0,0,0,0,
"ЙЄЛсЛсГЄЪж",20187,"R_N_S_gonghuihuizhang",1,0,0,0,1,1,1,1,1,1,1,1,0,0,
"ЙЄЛсЛсГЄаи",20188,"R_N_X_gonghuihuizhang",1,0,0,0,1,1,1,1,1,1,1,1,0,0,
"ЙЄЛсЛсГЄбќ",20189,"R_N_Y_gonghuihuizhang",1,0,0,0,3,3,3,3,3,3,3,3,0,0,
"ЙЄЛсЛсГЄЭШ",20190,"R_N_L_gonghuihuizhang",1,0,0,0,2,2,2,2,2,2,2,2,0,0,
"ЙЄЛсЛсГЄМч",20191,"R_N_J_gonghuihuizhang",1,0,0,0,3,3,3,3,3,3,3,3,0,0,
"КкамОЋМч",20192,"R_N_J_heixiongjing",1,0,0,0,3,3,3,3,3,3,3,3,0,0,
"КкбЛОЋЭЗ",20193,"R_N_T_heiyajing",1,0,0,0,0,0,0,0,0,0,0,0,0,0,
"КкбЛОЋЪж",20194,"R_N_S_heiyajing",1,0,0,0,1,1,1,1,1,1,1,1,0,0,
"КкбЛОЋаи",20195,"R_N_X_heiyajing",1,0,0,0,1,1,1,1,1,1,1,1,0,0,
"КкбЛОЋбќ",20196,"R_N_Y_heiyajing",1,0,0,0,3,3,3,3,3,3,3,3,0,0,
"КкбЛОЋЭШ",20197,"R_N_L_heiyajing",1,0,0,0,2,2,2,2,2,2,2,2,0,0,
"КкбЛОЋМч",20198,"R_N_J_heiyajing",1,0,0,0,3,3,3,3,3,3,3,3,0,0,
"ОоАіОЋЭЗ",20199,"R_N_T_jubangjing",1,0,0,0,0,0,0,0,0,0,0,0,0,0,
"ОоАіОЋЪж",20200,"R_N_S_jubangjing",1,0,0,0,1,1,1,1,1,1,1,1,0,0,
"ОоАіОЋаи",20201,"R_N_X_jubangjing",1,0,0,0,1,1,1,1,1,1,1,1,0,0,
"ОоАіОЋбќ",20202,"R_N_Y_jubangjing",1,0,0,0,3,3,3,3,3,3,3,3,0,0,
"ОоАіОЋЭШ",20203,"R_N_L_jubangjing",1,0,0,0,2,2,2,2,2,2,2,2,0,0,
"ОоАіОЋМч",20204,"R_N_J_jubangjing",1,0,0,0,3,3,3,3,3,3,3,3,0,0,
"ОоЖѕМч",20205,"R_N_J_jue",1,0,0,0,3,3,3,3,3,3,3,3,0,0,
"ФЇРёЧрЭЗ",20206,"R_N_T_moliqing",1,0,0,0,0,0,0,0,0,0,0,0,0,0,
"ФЇРёЧрЪж",20207,"R_N_S_moliqing",1,0,0,0,1,1,1,1,1,1,1,1,0,0,
"ФЇРёЧраи",20208,"R_N_X_moliqing",1,0,0,0,1,1,1,1,1,1,1,1,0,0,
"ФЇРёЧрбќ",20209,"R_N_Y_moliqing",1,0,0,0,3,3,3,3,3,3,3,3,0,0,
"ФЇРёЧрЭШ",20210,"R_N_L_moliqing",1,0,0,0,2,2,2,2,2,2,2,2,0,0,
"ФЇРёЧрНХ",20211,"R_N_F_moliqing",1,0,0,0,2,2,2,2,2,2,2,2,0,0,
"ФЇРёЧрМч",20212,"R_N_J_moliqing",1,0,0,0,3,3,3,3,3,3,3,3,0,0,
"ФЇРёЪйЪж",20213,"R_N_S_molishou",1,0,0,0,1,1,1,1,1,1,1,1,0,0,
"ФЇРёЪйаи",20214,"R_N_X_molishou",1,0,0,0,1,1,1,1,1,1,1,1,0,0,
"ФЇРёЪйбќ",20215,"R_N_Y_molishou",1,0,0,0,3,3,3,3,3,3,3,3,0,0,
"ФЇРёЪйЭШ",20216,"R_N_L_molishou",1,0,0,0,2,2,2,2,2,2,2,2,0,0,
"ФЇРёЪйНХ",20217,"R_N_F_molishou",1,0,0,0,2,2,2,2,2,2,2,2,0,0,
"ФЇРёЪйМч",20218,"R_N_J_molishou",1,0,0,0,3,3,3,3,3,3,3,3,0,0,
"рПЛъЙэЪж",20219,"R_N_S_shehungui",1,0,0,0,1,1,1,1,1,1,1,1,0,0,
"рПЛъЙэМч",20220,"R_N_J_shehungui",1,0,0,0,3,3,3,3,3,3,3,3,0,0,
"ЖОаЋФяФяЭЗ",20221,"R_N_T_duxieniangniang",1,0,0,0,0,0,0,0,0,0,0,0,0,0,
"ЖОаЋФяФяЪж",20222,"R_N_S_duxieniangniang",1,0,0,0,1,1,1,1,1,1,1,1,0,0,
"ЖОаЋФяФяаи",20223,"R_N_X_duxieniangniang",1,0,0,0,1,1,1,1,1,1,1,1,0,0,
"ЖОаЋФяФяЭШ",20224,"R_N_L_duxieniangniang",1,0,0,0,2,2,2,2,2,2,2,2,0,0,
"ЙУФяЭЗ",20225,"R_N_T_guniang",1,0,0,0,0,0,0,0,0,0,0,0,0,0,
"ЙУФяЪж",20226,"R_N_S_guniang",1,0,0,0,1,1,1,1,1,1,1,1,0,0,
"ЙУФяаи",20227,"R_N_X_guniang",1,0,0,0,1,1,1,1,1,1,1,1,0,0,
"ЙУФябќ",20228,"R_N_Y_guniang",1,0,0,0,3,3,3,3,3,3,3,3,0,0,
"ЙУФяЭШ",20229,"R_N_L_guniang",1,0,0,0,2,2,2,2,2,2,2,2,0,0,
"КЮЯЩЙУЭЗ",20230,"R_N_T_hexiangu",1,0,0,0,0,0,0,0,0,0,0,0,0,0,
"КЮЯЩЙУЪж",20231,"R_N_S_hexiangu",1,0,0,0,1,1,1,1,1,1,1,1,0,0,
"КЮЯЩЙУаи",20232,"R_N_X_hexiangu",1,0,0,0,1,1,1,1,1,1,1,1,0,0,
"КЮЯЩЙУЭШ",20233,"R_N_L_hexiangu",1,0,0,0,2,2,2,2,2,2,2,2,0,0,
"КќРъОЋЭЗ",20234,"R_N_T_hulijing",1,0,0,0,0,0,0,0,0,0,0,0,0,0,
"КќРъОЋЪж",20235,"R_N_S_hulijing",1,0,0,0,1,1,1,1,1,1,1,1,0,0,
"КќРъОЋаи",20236,"R_N_X_hulijing",1,0,0,0,1,1,1,1,1,1,1,1,0,0,
"КќРъОЋЭШ",20237,"R_N_L_hulijing",1,0,0,0,2,2,2,2,2,2,2,2,0,0,
"ЪзЪЮРЯАхЭЗ",20238,"R_N_T_shoushilaoban",1,0,0,0,0,0,0,0,0,0,0,0,0,0,
"ЪзЪЮРЯАхЪж",20239,"R_N_S_shoushilaoban",1,0,0,0,1,1,1,1,1,1,1,1,0,0,
"ЪзЪЮРЯАхаи",20240,"R_N_X_shoushilaoban",1,0,0,0,1,1,1,1,1,1,1,1,0,0,
"ЪзЪЮРЯАхбќ",20241,"R_N_Y_shoushilaoban",1,0,0,0,3,3,3,3,3,3,3,3,0,0,
"ЪзЪЮРЯАхЭШ",20242,"R_N_L_shoushilaoban",1,0,0,0,2,2,2,2,2,2,2,2,0,0,
"ЕижЇЩёУЎЭЗ",20243,"R_N_T_dizhishenmao",1,0,0,0,0,0,0,0,0,0,0,0,0,0,
"ЖсЛъЙэЭЗ",20244,"R_N_T_duohungui",1,0,0,0,0,0,0,0,0,0,0,0,0,0,
"РюОИЭЗ",20245,"R_N_T_lijing",1,0,0,0,0,0,0,0,0,0,0,0,0,0,
"ТЛаЧУБзгЭЗ",20246,"R_N_T_luxingmaozi",1,0,0,0,0,0,0,0,0,0,0,0,0,0,
"ХЎШЫЭЗ",20247,"R_N_T_nvren",1,0,0,0,0,0,0,0,0,0,0,0,0,0,
"ХЎШЫЪж",20248,"R_N_S_nvren",1,0,0,0,1,1,1,1,1,1,1,1,0,0,
"ХЎШЫаи",20249,"R_N_X_nvren",1,0,0,0,1,1,1,1,1,1,1,1,0,0,
"ХЎШЫбќ",20250,"R_N_Y_nvren",1,0,0,0,3,3,3,3,3,3,3,3,0,0,
"ХЎШЫЭШ",20251,"R_N_L_nvren",1,0,0,0,2,2,2,2,2,2,2,2,0,0,
"УХЩёЧиЭЗ",20252,"R_N_T_menshenqin",1,0,0,0,0,0,0,0,0,0,0,0,0,0,
"УХЩёЧиЪж",20253,"R_N_S_menshenqin",1,0,0,0,1,1,1,1,1,1,1,1,0,0,
"УХЩёЧиаи",20254,"R_N_X_menshenqin",1,0,0,0,1,1,1,1,1,1,1,1,0,0,
"УХЩёЧибќ",20255,"R_N_Y_menshenqin",1,0,0,0,3,3,3,3,3,3,3,3,0,0,
"УХЩёЧиЭШ",20256,"R_N_L_menshenqin",1,0,0,0,2,2,2,2,2,2,2,2,0,0,
"УХЩёЧиНХ",20257,"R_N_F_menshenqin",1,0,0,0,2,2,2,2,2,2,2,2,0,0,
"УХЩёЧиМч",20258,"R_N_J_menshenqin",1,0,0,0,3,3,3,3,3,3,3,3,0,0,
"УХЩёЮОЭЗ",20259,"R_N_T_menshenwei",1,0,0,0,0,0,0,0,0,0,0,0,0,0,
"УХЩёЮОЪж",20260,"R_N_S_menshenwei",1,0,0,0,1,1,1,1,1,1,1,1,0,0,
"УХЩёЮОаи",20261,"R_N_X_menshenwei",1,0,0,0,1,1,1,1,1,1,1,1,0,0,
"УХЩёЮОбќ",20262,"R_N_Y_menshenwei",1,0,0,0,3,3,3,3,3,3,3,3,0,0,
"УХЩёЮОЭШ",20263,"R_N_L_menshenwei",1,0,0,0,2,2,2,2,2,2,2,2,0,0,
"УХЩёЮОНХ",20264,"R_N_F_menshenwei",1,0,0,0,2,2,2,2,2,2,2,2,0,0,
"УХЩёЮОМч",20265,"R_N_J_menshenwei",1,0,0,0,3,3,3,3,3,3,3,3,0,0,
"ФОпИЭЗ",20266,"R_N_T_muzha",1,0,0,0,0,0,0,0,0,0,0,0,0,0,
"ФОпИЪж",20267,"R_N_S_muzha",1,0,0,0,1,1,1,1,1,1,1,1,0,0,
"ФОпИаи",20268,"R_N_X_muzha",1,0,0,0,1,1,1,1,1,1,1,1,0,0,
"ФОпИбќ",20269,"R_N_Y_muzha",1,0,0,0,3,3,3,3,3,3,3,3,0,0,
"ФОпИЭШ",20270,"R_N_L_muzha",1,0,0,0,2,2,2,2,2,2,2,2,0,0,
"ФОпИНХ",20271,"R_N_F_muzha",1,0,0,0,2,2,2,2,2,2,2,2,0,0,
"ФОпИМч",20272,"R_N_J_muzha",1,0,0,0,3,3,3,3,3,3,3,3,0,0,
"ЧПЕСЭЗ",20273,"R_N_T_qiangdao",1,0,0,0,0,0,0,0,0,0,0,0,0,0,
"ЧПЕСЪж",20274,"R_N_S_qiangdao",1,0,0,0,1,1,1,1,1,1,1,1,0,0,
"ЧПЕСаи",20275,"R_N_X_qiangdao",1,0,0,0,1,1,1,1,1,1,1,1,0,0,
"ЧПЕСбќ",20276,"R_N_Y_qiangdao",1,0,0,0,3,3,3,3,3,3,3,3,0,0,
"ЧПЕСЭШ",20277,"R_N_L_qiangdao",1,0,0,0,2,2,2,2,2,2,2,2,0,0,
"ЧПЕСНХ",20278,"R_N_F_qiangdao",1,0,0,0,2,2,2,2,2,2,2,2,0,0,
"ЩЎШЫЭШ",20279,"R_N_L_sengren",1,0,0,0,2,2,2,2,2,2,2,2,0,0,
"ЩЎШЫНХ",20280,"R_N_F_sengren",1,0,0,0,2,2,2,2,2,2,2,2,0,0,
"ЬьБјЭЗ",20281,"R_N_T_tianbing",1,0,0,0,0,0,0,0,0,0,0,0,0,0,
"ЬьБјЪж",20282,"R_N_S_tianbing",1,0,0,0,1,1,1,1,1,1,1,1,0,0,
"ЬьБјаи",20283,"R_N_X_tianbing",1,0,0,0,1,1,1,1,1,1,1,1,0,0,
"ЬьБјбќ",20284,"R_N_Y_tianbing",1,0,0,0,3,3,3,3,3,3,3,3,0,0,
"ЬьБјЭШ",20285,"R_N_L_tianbing",1,0,0,0,2,2,2,2,2,2,2,2,0,0,
"ЬьБјНХ",20286,"R_N_F_tianbing",1,0,0,0,2,2,2,2,2,2,2,2,0,0,
"ЬьБјМч",20287,"R_N_J_tianbing",1,0,0,0,3,3,3,3,3,3,3,3,0,0,
"ЬьНЋЭЗ",20288,"R_N_T_tianjiang",1,0,0,0,0,0,0,0,0,0,0,0,0,0,
"ЬьНЋЪж",20289,"R_N_S_tianjiang",1,0,0,0,1,1,1,1,1,1,1,1,0,0,
"ЬьНЋаи",20290,"R_N_X_tianjiang",1,0,0,0,1,1,1,1,1,1,1,1,0,0,
"ЬьНЋбќ",20291,"R_N_Y_tianjiang",1,0,0,0,3,3,3,3,3,3,3,3,0,0,
"ЬьНЋЭШ",20292,"R_N_L_tianjiang",1,0,0,0,2,2,2,2,2,2,2,2,0,0,
"ЬьНЋНХ",20293,"R_N_F_tianjiang",1,0,0,0,2,2,2,2,2,2,2,2,0,0,
"ЬьНЋМч",20294,"R_N_J_tianjiang",1,0,0,0,3,3,3,3,3,3,3,3,0,0,
"ЬьХЃДѓЭѕЭЗ",20295,"R_N_T_tianniudawang",1,0,0,0,0,0,0,0,0,0,0,0,0,0,
"ЬьХЃДѓЭѕЪж",20296,"R_N_S_tianniudawang",1,0,0,0,1,1,1,1,1,1,1,1,0,0,
"ЬьХЃДѓЭѕаи",20297,"R_N_X_tianniudawang",1,0,0,0,1,1,1,1,1,1,1,1,0,0,
"ЬьХЃДѓЭѕбќ",20298,"R_N_Y_tianniudawang",1,0,0,0,3,3,3,3,3,3,3,3,0,0,
"ЬьХЃДѓЭѕЭШ",20299,"R_N_L_tianniudawang",1,0,0,0,2,2,2,2,2,2,2,2,0,0,
"ЬьХЃДѓЭѕНХ",20300,"R_N_F_tianniudawang",1,0,0,0,2,2,2,2,2,2,2,2,0,0,
"ЬьХЃДѓЭѕМч",20301,"R_N_J_tianniudawang",1,0,0,0,3,3,3,3,3,3,3,3,0,0,
"ЮХЬЋЪІЭШ",20302,"R_N_L_wentaishi",1,0,0,0,2,2,2,2,2,2,2,2,0,0,
"ЮХЬЋЪІНХ",20303,"R_N_F_wentaishi",1,0,0,0,2,2,2,2,2,2,2,2,0,0,
"ЯВШЕЙЋзгЭЗ",20304,"R_N_T_xiquegongzi",1,0,0,0,0,0,0,0,0,0,0,0,0,0,
"ЯВШЕЙЋзгЪж",20305,"R_N_S_xiquegongzi",1,0,0,0,1,1,1,1,1,1,1,1,0,0,
"ЯВШЕЙЋзгаи",20306,"R_N_X_xiquegongzi",1,0,0,0,1,1,1,1,1,1,1,1,0,0,
"ЯВШЕЙЋзгбќ",20307,"R_N_Y_xiquegongzi",1,0,0,0,3,3,3,3,3,3,3,3,0,0,
"ЯВШЕЙЋзгЭШ",20308,"R_N_L_xiquegongzi",1,0,0,0,2,2,2,2,2,2,2,2,0,0,
"ЯВШЕЙЋзгНХ",20309,"R_N_F_xiquegongzi",1,0,0,0,2,2,2,2,2,2,2,2,0,0,
"ЯВШЕЙЋзгМч",20310,"R_N_J_xiquegongzi",1,0,0,0,3,3,3,3,3,3,3,3,0,0,
"бУУХбВВЖНХ",20311,"R_N_F_yamenxunbu",1,0,0,0,2,2,2,2,2,2,2,2,0,0,
"вЉЭЏЭЗ",20312,"R_N_T_yaotong",1,0,0,0,0,0,0,0,0,0,0,0,0,0,
"вЉЭЏЪж",20313,"R_N_S_yaotong",1,0,0,0,1,1,1,1,1,1,1,1,0,0,
"вЉЭЏаи",20314,"R_N_X_yaotong",1,0,0,0,1,1,1,1,1,1,1,1,0,0,
"вЉЭЏбќ",20315,"R_N_Y_yaotong",1,0,0,0,3,3,3,3,3,3,3,3,0,0,
"вЉЭЏЭШ",20316,"R_N_L_yaotong",1,0,0,0,2,2,2,2,2,2,2,2,0,0,
"вЉЭЏНХ",20317,"R_N_F_yaotong",1,0,0,0,2,2,2,2,2,2,2,2,0,0,
"жгиИЭЗ",20318,"R_N_T_zhongkui",1,0,0,0,0,0,0,0,0,0,0,0,0,0,
"жгиИЭШ",20319,"R_N_L_zhongkui",1,0,0,0,2,2,2,2,2,2,2,2,0,0,
"жгиИНХ",20320,"R_N_F_zhongkui",1,0,0,0,2,2,2,2,2,2,2,2,0,0,
"РЧЭѕОЋЪж",20321,"R_N_S_langwangjing",1,0,0,0,1,1,1,1,1,1,1,1,0,0,
"РЧЭѕОЋбќ",20322,"R_N_Y_langwangjing",1,0,0,0,3,3,3,3,3,3,3,3,0,0,
"РЧЭѕОЋЭШ",20323,"R_N_L_langwangjing",1,0,0,0,2,2,2,2,2,2,2,2,0,0,
"РЧЭѕОЋМч",20324,"R_N_J_langwangjing",1,0,0,0,3,3,3,3,3,3,3,3,0,0,
"ЪЈзгОЋЪж",20325,"R_N_S_shizijing",1,0,0,0,1,1,1,1,1,1,1,1,0,0,
"ЪЈзгОЋбќ",20326,"R_N_Y_shizijing",1,0,0,0,3,3,3,3,3,3,3,3,0,0,
"ЪЈзгОЋЭШ",20327,"R_N_L_shizijing",1,0,0,0,2,2,2,2,2,2,2,2,0,0,
"ЪЈзгОЋМч",20328,"R_N_J_shizijing",1,0,0,0,3,3,3,3,3,3,3,3,0,0,
"ЭСЗЫЭЗСьЭЗ",20329,"R_N_T_tufeishouling",1,0,0,0,0,0,0,0,0,0,0,0,0,0,
"ЭСЗЫЭЗСьЪж",20330,"R_N_S_tufeishouling",1,0,0,0,1,1,1,1,1,1,1,1,0,0,
"ЭСЗЫЭЗСьаи",20331,"R_N_X_tufeishouling",1,0,0,0,1,1,1,1,1,1,1,1,0,0,
"ЭСЗЫЭЗСьбќ",20332,"R_N_Y_tufeishouling",1,0,0,0,3,3,3,3,3,3,3,3,0,0,
"ЭСЗЫЭЗСьЭШ",20333,"R_N_L_tufeishouling",1,0,0,0,2,2,2,2,2,2,2,2,0,0,
"ЭСЗЫЭЗСьМч",20334,"R_N_J_tufeishouling",1,0,0,0,3,3,3,3,3,3,3,3,0,0,
"ЯЩХЎЭЗ",20335,"R_N_T_xiannv",1,0,0,0,0,0,0,0,0,0,0,0,0,0,
"ЯЩХЎЪж",20336,"R_N_S_xiannv",1,0,0,0,1,1,1,1,1,1,1,1,0,0,
"ЯЩХЎаи",20337,"R_N_X_xiannv",1,0,0,0,1,1,1,1,1,1,1,1,0,0,
"ЯЩХЎЭШ",20338,"R_N_L_xiannv",1,0,0,0,2,2,2,2,2,2,2,2,0,0,
"ЯЩХЎМч",20339,"R_N_J_xiannv",1,0,0,0,3,3,3,3,3,3,3,3,0,0,
"жЏХЎЭЗ",20340,"R_N_T_zhinv",1,0,0,0,0,0,0,0,0,0,0,0,0,0,
"жЏХЎЪж",20341,"R_N_S_zhinv",1,0,0,0,1,1,1,1,1,1,1,1,0,0,
"жЏХЎаи",20342,"R_N_X_zhinv",1,0,0,0,1,1,1,1,1,1,1,1,0,0,
"жЏХЎЭШ",20343,"R_N_L_zhinv",1,0,0,0,2,2,2,2,2,2,2,2,0,0,
"жЏХЎМч",20344,"R_N_J_zhinv",1,0,0,0,3,3,3,3,3,3,3,3,0,0,
"ЭСЗЫЭЗ",20345,"R_N_T_tufei",1,0,0,0,0,0,0,0,0,0,0,0,0,0,
"ЭСЗЫЪж",20346,"R_N_S_tufei",1,0,0,0,1,1,1,1,1,1,1,1,0,0,
"ЭСЗЫаи",20347,"R_N_X_tufei",1,0,0,0,1,1,1,1,1,1,1,1,0,0,
"ЭСЗЫбќ",20348,"R_N_Y_tufei",1,0,0,0,3,3,3,3,3,3,3,3,0,0,
"ЭСЗЫЭШ",20349,"R_N_L_tufei",1,0,0,0,2,2,2,2,2,2,2,2,0,0,
"ажЕмЭЗ",20350,"R_N_T_xiongdi",1,0,0,0,0,0,0,0,0,0,0,0,0,0,
"ажЕмЪж",20351,"R_N_S_xiongdi",1,0,0,0,1,1,1,1,1,1,1,1,0,0,
"ажЕмаи",20352,"R_N_X_xiongdi",1,0,0,0,1,1,1,1,1,1,1,1,0,0,
"ажЕмбќ",20353,"R_N_Y_xiongdi",1,0,0,0,3,3,3,3,3,3,3,3,0,0,
"ажЕмЭШ",20354,"R_N_L_xiongdi",1,0,0,0,2,2,2,2,2,2,2,2,0,0,
"УЈб§ЭЗ",20355,"R_N_T_maoyao",1,0,0,0,0,0,0,0,0,0,0,0,0,0,
"УЈб§Ъж",20356,"R_N_S_maoyao",1,0,0,0,1,1,1,1,1,1,1,1,0,0,
"УЈб§аи",20357,"R_N_X_maoyao",1,0,0,0,1,1,1,1,1,1,1,1,0,0,
"УЈб§ЭШ",20358,"R_N_L_maoyao",1,0,0,0,2,2,2,2,2,2,2,2,0,0,
"УЈб§НХ",20359,"R_N_F_maoyao",1,0,0,0,2,2,2,2,2,2,2,2,0,0,
"УЈб§Мч",20360,"R_N_J_maoyao",1,0,0,0,3,3,3,3,3,3,3,3,0,0,
"ФФпИЭЗ",20361,"R_N_T_nezha",1,0,0,0,0,0,0,0,0,0,0,0,0,0,
"б§боХЎзгЭЗ",20362,"R_N_T_yaoyannvzi",1,0,0,0,0,0,0,0,0,0,0,0,0,0,
"дЉЛъЭЗ",20363,"R_N_T_yuanhun",1,0,0,0,0,0,0,0,0,0,0,0,0,0,
"дЙСщзАЭЗ",20364,"R_N_T_yuanlingzhuang",1,0,0,0,0,0,0,0,0,0,0,0,0,0,
"ЧЇРяблбќ",20365,"R_N_Y_qianliyan",1,0,0,0,3,3,3,3,3,3,3,3,0,0,
"ФЇРёКьЪж",20366,"R_N_S_molihong",1,0,0,0,1,1,1,1,1,1,1,1,0,0,
"ФЇРёКьаи",20367,"R_N_X_molihong",1,0,0,0,1,1,1,1,1,1,1,1,0,0,
"ФЇРёКьбќ",20368,"R_N_Y_molihong",1,0,0,0,3,3,3,3,3,3,3,3,0,0,
"ФЇРёКьЭШ",20369,"R_N_L_molihong",1,0,0,0,2,2,2,2,2,2,2,2,0,0,
"ФЇРёКьНХ",20370,"R_N_F_molihong",1,0,0,0,2,2,2,2,2,2,2,2,0,0,
"ФЇРёКьМч",20371,"R_N_J_molihong",1,0,0,0,3,3,3,3,3,3,3,3,0,0,
"АзЯѓОЋЪж",20372,"R_N_S_baixiangjing",1,0,0,0,1,1,1,1,1,1,1,1,0,0,
"АзЯѓОЋМч",20373,"R_N_J_baixiangjing",1,0,0,0,3,3,3,3,3,3,3,3,0,0,
"ФЇРёКЃЪж",20374,"R_N_S_molihai",1,0,0,0,1,1,1,1,1,1,1,1,0,0,
"ФЇРёКЃаи",20375,"R_N_X_molihai",1,0,0,0,1,1,1,1,1,1,1,1,0,0,
"ФЇРёКЃбќ",20376,"R_N_Y_molihai",1,0,0,0,3,3,3,3,3,3,3,3,0,0,
"ФЇРёКЃЭШ",20377,"R_N_L_molihai",1,0,0,0,2,2,2,2,2,2,2,2,0,0,
"ФЇРёКЃНХ",20378,"R_N_F_molihai",1,0,0,0,2,2,2,2,2,2,2,2,0,0,
"ФЇРёКЃМч",20379,"R_N_J_molihai",1,0,0,0,3,3,3,3,3,3,3,3,0,0,
"аЁЦпЭЗ",20380,"R_N_T_xiaoqi",1,0,0,0,0,0,0,0,0,0,0,0,0,0,
"аЁЦпбќ",20381,"R_N_Y_xiaoqi",1,0,0,0,3,3,3,3,3,3,3,3,0,0,
"аЁЦпЭШ",20382,"R_N_L_xiaoqi",1,0,0,0,2,2,2,2,2,2,2,2,0,0,
"ЪЅЕЎФа",30001,"shengdannan",1,10001,0,0,0,0,0,0,0,0,0,0,0,0,
"ЪЅЕЎХЎ",30002,"shengdannv",1,10001,0,0,0,0,0,0,0,0,0,0,0,0,
"аТФъФа",30003,"xinniannan",1,10001,0,0,0,0,0,0,0,0,0,0,0,0,
"аТФъХЎ",30004,"xinniannv",1,10001,0,0,0,0,0,0,0,0,0,0,0,0,
"ЛЪСњЪЅЬьЬззА(Фа)",30005,"M_A_A_Gmnan",1,10001,0,0,0,0,0,0,0,0,0,0,0,0,
"ЛЪСњЪЅУЮЬззА(ХЎ)",30006,"M_A_A_GMnv",1,10001,0,0,0,0,0,0,0,0,0,0,0,0,
"QХЎзА",30007,"M_A_A_Qnv",1,10001,0,0,0,0,0,0,0,0,0,0,0, 0 

