goldcool, 543, 26 
1001,5,101,21101,21101,0,1,0,0,0,0,0,0,0,0,0,0,0,0,0,0,0,"Western",42,"Enhance %s Skill",1,
1002,5,101,21102,21102,0,1,0,0,0,0,0,0,0,0,0,0,0,0,0,0,0,"Flourish",42,"Enhance %s Skill",1,
1003,5,101,21103,21103,0,1,0,0,0,0,0,0,0,0,0,0,0,0,0,0,0,"Demon",42,"Enhance %s Skill",1,
1004,30,101,21101,21101,0,1,0,0,0,0,0,0,0,0,0,0,0,0,0,0,0,"Western",42,"Enhance %s Skill",1,
1005,30,101,21102,21102,0,1,0,0,0,0,0,0,0,0,0,0,0,0,0,0,0,"Flourish",42,"Enhance %s Skill",1,
1006,30,101,21103,21103,0,1,0,0,0,0,0,0,0,0,0,0,0,0,0,0,0,"Demon",42,"Enhance %s Skill",1,
1007,45,101,21201,21201,0,1,0,0,0,0,0,0,0,0,0,0,0,0,0,0,0,"Grey",42,"Enhance %s Skill",1,
1008,45,101,21202,21202,0,1,0,0,0,0,0,0,0,0,0,0,0,0,0,0,0,"Lone",42,"Enhance %s Skill",1,
1009,45,101,21203,21203,0,1,0,0,0,0,0,0,0,0,0,0,0,0,0,0,0,"Dare",42,"Enhance %s Skill",1,
1010,60,101,21301,21301,0,1,0,0,0,0,0,0,0,0,0,0,0,0,0,0,0,"Fairy",42,"Enhance %s Skill",1,
1011,60,101,21302,21302,0,1,0,0,0,0,0,0,0,0,0,0,0,0,0,0,0,"Elf",42,"Enhance %s Skill",1,
1012,60,101,21303,21303,0,1,0,0,0,0,0,0,0,0,0,0,0,0,0,0,0,"Shade",42,"Enhance %s Skill",1,
1013,75,101,21401,21401,0,1,0,0,0,0,0,0,0,0,0,0,0,0,0,0,0,"Sober",42,"Enhance %s Skill",1,
1014,75,101,21402,21402,0,1,0,0,0,0,0,0,0,0,0,0,0,0,0,0,0,"Gloom",42,"Enhance %s Skill",1,
1015,75,101,21403,21403,0,1,0,0,0,0,0,0,0,0,0,0,0,0,0,0,0,"Ground",42,"Enhance %s Skill",1,
1016,90,101,21401,21401,0,1,0,0,0,0,0,0,0,0,0,0,0,0,0,0,0,"Lake",42,"Enhance %s Skill",1,
1017,90,101,21402,21402,0,1,0,0,0,0,0,0,0,0,0,0,0,0,0,0,0,"Emperor",42,"Enhance %s Skill",1,
1018,90,101,21403,21403,0,1,0,0,0,0,0,0,0,0,0,0,0,0,0,0,0,"Govern",42,"Enhance %s Skill",1,
1019,100,101,21401,21401,0,1,0,0,0,0,0,0,0,0,0,0,0,0,0,0,0,"Hell",42,"Enhance %s Skill",1,
1020,100,101,21402,21402,0,1,0,0,0,0,0,0,0,0,0,0,0,0,0,0,0,"Balance",42,"Enhance %s Skill",1,
1021,100,101,21403,21403,0,1,0,0,0,0,0,0,0,0,0,0,0,0,0,0,0,"Mountain",42,"Enhance %s Skill",1,
1101,5,101,22101,22101,0,1,0,0,0,0,0,0,0,0,0,0,0,0,0,0,0,"City",42,"Enhance %s Skill",1,
1102,5,101,22102,22102,0,1,0,0,0,0,0,0,0,0,0,0,0,0,0,0,0,"Border",42,"Enhance %s Skill",1,
1103,5,101,22103,22103,0,1,0,0,0,0,0,0,0,0,0,0,0,0,0,0,0,"Samsara",42,"Enhance %s Skill",1,
1104,30,101,22101,22101,0,1,0,0,0,0,0,0,0,0,0,0,0,0,0,0,0,"City",42,"Enhance %s Skill",1,
1105,30,101,22102,22102,0,1,0,0,0,0,0,0,0,0,0,0,0,0,0,0,0,"Border",42,"Enhance %s Skill",1,
1106,30,101,22103,22103,0,1,0,0,0,0,0,0,0,0,0,0,0,0,0,0,0,"Samsara",42,"Enhance %s Skill",1,
1107,45,101,22201,22201,0,1,0,0,0,0,0,0,0,0,0,0,0,0,0,0,0,"Wise",42,"Enhance %s Skill",1,
1108,45,101,22202,22202,0,1,0,0,0,0,0,0,0,0,0,0,0,0,0,0,0,"Ape",42,"Enhance %s Skill",1,
1109,45,101,22203,22203,0,1,0,0,0,0,0,0,0,0,0,0,0,0,0,0,0,"Pearl",42,"Enhance %s Skill",1,
1110,60,101,22301,22301,0,1,0,0,0,0,0,0,0,0,0,0,0,0,0,0,0,"Shell",42,"Enhance %s Skill",1,
1111,60,101,22302,22302,0,1,0,0,0,0,0,0,0,0,0,0,0,0,0,0,0,"Zeus",42,"Enhance %s Skill",1,
1112,60,101,22303,22303,0,1,0,0,0,0,0,0,0,0,0,0,0,0,0,0,0,"Wind",42,"Enhance %s Skill",1,
1113,75,101,22401,22401,0,1,0,0,0,0,0,0,0,0,0,0,0,0,0,0,0,"Rain",42,"Enhance %s Skill",1,
1114,75,101,22402,22402,0,1,0,0,0,0,0,0,0,0,0,0,0,0,0,0,0,"Thunder",42,"Enhance %s Skill",1,
1115,75,101,22403,22403,0,1,0,0,0,0,0,0,0,0,0,0,0,0,0,0,0,"Deity",42,"Enhance %s Skill",1,
1116,90,101,22401,22401,0,1,0,0,0,0,0,0,0,0,0,0,0,0,0,0,0,"Flow",42,"Enhance %s Skill",1,
1117,90,101,22402,22402,0,1,0,0,0,0,0,0,0,0,0,0,0,0,0,0,0,"Dragon",42,"Enhance %s Skill",1,
1118,90,101,22403,22403,0,1,0,0,0,0,0,0,0,0,0,0,0,0,0,0,0,"Dynasty",42,"Enhance %s Skill",1,
1119,100,101,22401,22401,0,1,0,0,0,0,0,0,0,0,0,0,0,0,0,0,0,"Flow",42,"Enhance %s Skill",1,
1120,100,101,22402,22402,0,1,0,0,0,0,0,0,0,0,0,0,0,0,0,0,0,"Dragon",42,"Enhance %s Skill",1,
1121,100,101,22403,22403,0,1,0,0,0,0,0,0,0,0,0,0,0,0,0,0,0,"Dynasty",42,"Enhance %s Skill",1,
1201,5,101,23101,23101,0,1,0,0,0,0,0,0,0,0,0,0,0,0,0,0,0,"King",42,"Enhance %s Skill",1,
1202,5,101,23102,23102,0,1,0,0,0,0,0,0,0,0,0,0,0,0,0,0,0,"Matrix",42,"Enhance %s Skill",1,
1203,5,101,23103,23103,0,1,0,0,0,0,0,0,0,0,0,0,0,0,0,0,0,"Primitive",42,"Enhance %s Skill",1,
1204,30,101,23101,23101,0,1,0,0,0,0,0,0,0,0,0,0,0,0,0,0,0,"King",42,"Enhance %s Skill",1,
1205,30,101,23102,23102,0,1,0,0,0,0,0,0,0,0,0,0,0,0,0,0,0,"Matrix",42,"Enhance %s Skill",1,
1206,30,101,23103,23103,0,1,0,0,0,0,0,0,0,0,0,0,0,0,0,0,0,"Primitive",42,"Enhance %s Skill",1,
1207,45,101,23201,23201,0,1,0,0,0,0,0,0,0,0,0,0,0,0,0,0,0,"Thai Chi",42,"Enhance %s Skill",1,
1208,45,101,23202,23202,0,1,0,0,0,0,0,0,0,0,0,0,0,0,0,0,0,"Purge",42,"Enhance %s Skill",1,
1209,45,101,23203,23203,0,1,0,0,0,0,0,0,0,0,0,0,0,0,0,0,0,"Giant",42,"Enhance %s Skill",1,
1210,60,101,23301,23301,0,1,0,0,0,0,0,0,0,0,0,0,0,0,0,0,0,"Lion",42,"Enhance %s Skill",1,
1211,60,101,23302,23302,0,1,0,0,0,0,0,0,0,0,0,0,0,0,0,0,0,"Cold",42,"Enhance %s Skill",1,
1212,60,101,23303,23303,0,1,0,0,0,0,0,0,0,0,0,0,0,0,0,0,0,"Wander",42,"Enhance %s Skill",1,
1213,75,101,23401,23401,0,1,0,0,0,0,0,0,0,0,0,0,0,0,0,0,0,"Imperial",42,"Enhance %s Skill",1,
1214,75,101,23402,23402,0,1,0,0,0,0,0,0,0,0,0,0,0,0,0,0,0,"Immortal",42,"Enhance %s Skill",1,
1215,75,101,23403,23403,0,1,0,0,0,0,0,0,0,0,0,0,0,0,0,0,0,"Blue",42,"Enhance %s Skill",1,
1216,90,101,23401,23401,0,1,0,0,0,0,0,0,0,0,0,0,0,0,0,0,0,"Red",42,"Enhance %s Skill",1,
1217,90,101,23402,23402,0,1,0,0,0,0,0,0,0,0,0,0,0,0,0,0,0,"Black",42,"Enhance %s Skill",1,
1218,90,101,23403,23403,0,1,0,0,0,0,0,0,0,0,0,0,0,0,0,0,0,"White",42,"Enhance %s Skill",1,
1219,100,101,23401,23401,0,1,0,0,0,0,0,0,0,0,0,0,0,0,0,0,0,"Red",42,"Enhance %s Skill",1,
1220,100,101,23402,23402,0,1,0,0,0,0,0,0,0,0,0,0,0,0,0,0,0,"Black",42,"Enhance %s Skill",1,
1221,100,101,23403,23403,0,1,0,0,0,0,0,0,0,0,0,0,0,0,0,0,0,"White",42,"Enhance %s Skill",1,
1301,5,101,24101,24101,0,1,0,0,0,0,0,0,0,0,0,0,0,0,0,0,0,"Darkness Soul",42,"Enhance %s Skill",1,
1302,5,101,24102,24102,0,1,0,0,0,0,0,0,0,0,0,0,0,0,0,0,0,"Blueness Soul",42,"Enhance %s Skill",1,
1303,5,101,24103,24103,0,1,0,0,0,0,0,0,0,0,0,0,0,0,0,0,0,"Verdure Soul",42,"Enhance %s Skill",1,
1304,30,101,24101,24101,0,1,0,0,0,0,0,0,0,0,0,0,0,0,0,0,0,"Darkness Soul",42,"Enhance %s Skill",1,
1305,30,101,24102,24102,0,1,0,0,0,0,0,0,0,0,0,0,0,0,0,0,0,"Blueness Soul",42,"Enhance %s Skill",1,
1306,30,101,24103,24103,0,1,0,0,0,0,0,0,0,0,0,0,0,0,0,0,0,"Verdure Soul",42,"Enhance %s Skill",1,
1307,45,101,24201,24201,0,1,0,0,0,0,0,0,0,0,0,0,0,0,0,0,0,"Purple Soul",42,"Enhance %s Skill",1,
1308,45,101,24202,24202,0,1,0,0,0,0,0,0,0,0,0,0,0,0,0,0,0,"Black Soul",42,"Enhance %s Skill",1,
1309,45,101,24203,24203,0,1,0,0,0,0,0,0,0,0,0,0,0,0,0,0,0,"Rainbow Soul",42,"Enhance %s Skill",1,
1310,60,101,24301,24301,0,1,0,0,0,0,0,0,0,0,0,0,0,0,0,0,0,"Blood Soul",42,"Enhance %s Skill",1,
1311,60,101,24302,24302,0,1,0,0,0,0,0,0,0,0,0,0,0,0,0,0,0,"Crimson Soul",42,"Enhance %s Skill",1,
1312,60,101,24303,24303,0,1,0,0,0,0,0,0,0,0,0,0,0,0,0,0,0,"Emerald Soul",42,"Enhance %s Skill",1,
1313,75,101,24401,24401,0,1,0,0,0,0,0,0,0,0,0,0,0,0,0,0,0,"Golden Soul",42,"Enhance %s Skill",1,
1314,75,101,24402,24402,0,1,0,0,0,0,0,0,0,0,0,0,0,0,0,0,0,"Platinum Soul",42,"Enhance %s Skill",1,
1315,75,101,24403,24403,0,1,0,0,0,0,0,0,0,0,0,0,0,0,0,0,0,"Diamond Soul",42,"Enhance %s Skill",1,
1316,90,101,24401,24401,0,1,0,0,0,0,0,0,0,0,0,0,0,0,0,0,0,"Bright Soul",42,"Enhance %s Skill",1,
1317,90,101,24402,24402,0,1,0,0,0,0,0,0,0,0,0,0,0,0,0,0,0,"Yellow Soul",42,"Enhance %s Skill",1,
1318,90,101,24403,24403,0,1,0,0,0,0,0,0,0,0,0,0,0,0,0,0,0,"Red Soul",42,"Enhance %s Skill",1,
1319,100,101,24401,24401,0,1,0,0,0,0,0,0,0,0,0,0,0,0,0,0,0,"Platinum Soul",43,"Enhance %s Skill",1,
1320,100,101,24402,24402,0,1,0,0,0,0,0,0,0,0,0,0,0,0,0,0,0,"Diamond Soul",44,"Enhance %s Skill",1,
1321,100,101,24403,24403,0,1,0,0,0,0,0,0,0,0,0,0,0,0,0,0,0,"Shadow Soul",45,"Enhance %s Skill",1,
1701,10,108,100,200,0,0,1,0,0,0,1,1,0,0,1,0,0,0,1,1,1,"Lasting",4,"Max HP + %d ",0,
1702,20,108,100,200,0,0,1,0,0,0,1,1,0,0,1,0,0,0,1,1,1,"Phonic",4,"Max HP + %d ",0,
1703,30,108,100,200,0,0,1,0,0,0,1,1,0,0,1,0,0,0,1,1,1,"Drum",4,"Max HP + %d ",0,
1704,40,108,180,360,0,0,1,0,0,0,1,1,0,0,1,0,0,0,1,1,1,"Tender",4,"Max HP + %d ",0,
1705,50,108,250,500,0,0,1,0,0,0,1,1,0,0,1,0,0,0,1,1,1,"Heavy",4,"Max HP + %d ",0,
1706,60,108,330,660,0,0,1,0,0,0,1,1,0,0,1,0,0,0,1,1,1,"Lead",4,"Max HP + %d ",0,
1707,70,108,400,800,0,0,1,0,0,0,1,1,0,0,1,0,0,0,1,1,1,"Gentle",4,"Max HP + %d ",0,
1708,80,108,500,1000,0,0,1,0,0,0,1,1,0,0,1,0,0,0,1,1,1,"Celestial",4,"Max HP + %d ",0,
1709,90,108,570,1140,0,0,1,0,0,0,1,1,0,0,1,0,0,0,1,1,1,"Sky",4,"Max HP + %d ",0,
1710,100,108,650,1300,0,0,1,0,0,0,1,1,0,0,1,0,0,0,1,1,1,"Delicacy",4,"Max HP + %d ",0,
1801,10,109,100,200,0,0,1,0,0,0,1,1,0,1,0,0,0,0,1,1,1,"Arioso",5,"Max MP + %d ",0,
1802,20,109,100,200,0,0,1,0,0,0,1,1,0,1,0,0,0,0,1,1,1,"Apollo",5,"Max MP + %d ",0,
1803,30,109,100,200,0,0,1,0,0,0,1,1,0,1,0,0,0,0,1,1,1,"Laud",5,"Max MP + %d ",0,
1804,40,109,180,360,0,0,1,0,0,0,1,1,0,1,0,0,0,0,1,1,1,"Vast",5,"Max MP + %d ",0,
1805,50,109,250,500,0,0,1,0,0,0,1,1,0,1,0,0,0,0,1,1,1,"Sight",5,"Max MP + %d ",0,
1806,60,109,330,660,0,0,1,0,0,0,1,1,0,1,0,0,0,0,1,1,1,"Incisive",5,"Max MP + %d ",0,
1807,70,109,400,800,0,0,1,0,0,0,1,1,0,1,0,0,0,0,1,1,1,"Penetrating",5,"Max MP + %d ",0,
1808,80,109,500,1000,0,0,1,0,0,0,1,1,0,1,0,0,0,0,1,1,1,"Divine",5,"Max MP + %d ",0,
1809,90,109,570,1140,0,0,1,0,0,0,1,1,0,1,0,0,0,0,1,1,1,"Blest",5,"Max MP + %d ",0,
1810,100,109,650,1300,0,0,1,0,0,0,1,1,0,1,0,0,0,0,1,1,1,"Holy",5,"Max MP + %d ",0,
1901,10,110,1,36,0,0,1,0,0,0,1,1,1,0,0,0,0,0,1,1,1,"Full Metal",8,"DEF + %d ",0,
1902,20,110,1,60,0,0,1,0,0,0,1,1,1,0,0,0,0,0,1,1,1,"Musing",8,"DEF + %d ",0,
1903,30,110,1,88,0,0,1,0,0,0,1,1,1,0,0,0,0,0,1,1,1,"Guardian",8,"DEF + %d ",0,
1904,40,110,18,114,0,0,1,0,0,0,1,1,1,0,0,0,0,0,1,1,1,"Goddess",8,"DEF + %d ",0,
1905,50,110,30,140,0,0,1,0,0,0,1,1,1,0,0,0,0,0,1,1,1,"Benevolent",8,"DEF + %d ",0,
1906,60,110,44,170,0,0,1,0,0,0,1,1,1,0,0,0,0,0,1,1,1,"Bright",8,"DEF + %d ",0,
1907,70,110,57,200,0,0,1,0,0,0,1,1,1,0,0,0,0,0,1,1,1,"Lamaist",8,"DEF + %d ",0,
1908,80,110,70,220,0,0,1,0,0,0,1,1,1,0,0,0,0,0,1,1,1,"Auspeicious",8,"DEF + %d ",0,
1909,90,110,85,280,0,0,1,0,0,0,1,1,1,0,0,0,0,0,1,1,1,"Grand",8,"DEF + %d ",0,
1910,100,110,100,310,0,0,1,0,0,0,1,1,1,0,0,0,0,0,1,1,1,"Generous",8,"DEF + %d ",0,
2001,10,111,1,36,0,0,1,0,0,0,1,1,1,0,0,0,0,0,1,1,1,"Carmenta",10,"MDEF + %d ",0,
2002,20,111,1,60,0,0,1,0,0,0,1,1,1,0,0,0,0,0,1,1,1,"Fauna",10,"MDEF + %d ",0,
2003,30,111,1,88,0,0,1,0,0,0,1,1,1,0,0,0,0,0,1,1,1,"Diana",10,"MDEF + %d ",0,
2004,40,111,18,114,0,0,1,0,0,0,1,1,1,0,0,0,0,0,1,1,1,"Flora",10,"MDEF + %d ",0,
2005,50,111,30,140,0,0,1,0,0,0,1,1,1,0,0,0,0,0,1,1,1,"Fortuna",10,"MDEF + %d ",0,
2006,60,111,44,170,0,0,1,0,0,0,1,1,1,0,0,0,0,0,1,1,1,"Vulcan",10,"MDEF + %d ",0,
2007,70,111,57,200,0,0,1,0,0,0,1,1,1,0,0,0,0,0,1,1,1,"Fortuna",10,"MDEF + %d ",0,
2008,80,111,70,220,0,0,1,0,0,0,1,1,1,0,0,0,0,0,1,1,1,"Apollo",10,"MDEF + %d ",0,
2009,90,111,85,280,0,0,1,0,0,0,1,1,1,0,0,0,0,0,1,1,1,"Juno",10,"MDEF + %d ",0,
2010,100,111,100,310,0,0,1,0,0,0,1,1,1,0,0,0,0,0,1,1,1,"Jupiter",10,"MDEF + %d ",0,
2051,10,105,1,18,0,0,1,0,0,0,0,0,0,0,0,0,1,1,1,1,1,"Valorous",21,"Min ATK + %d ",0,
2052,20,105,1,30,0,0,1,0,0,0,0,0,0,0,0,0,1,1,1,1,1,"Sharp",21,"Min ATK + %d ",0,
2053,30,105,1,44,0,0,1,0,0,0,0,0,0,0,0,0,1,1,1,1,1,"Bold",21,"Min ATK + %d ",0,
2054,40,105,18,57,0,0,1,0,0,0,0,0,0,0,0,0,1,1,1,1,1,"Fearless",21,"Min ATK + %d ",0,
2055,50,105,30,70,0,0,1,0,0,0,0,0,0,0,0,0,1,1,1,1,1,"Vanward ",21,"Min ATK + %d ",0,
2056,60,105,44,85,0,0,1,0,0,0,0,0,0,0,0,0,1,1,1,1,1,"Valiant",21,"Min ATK + %d ",0,
2057,70,105,57,100,0,0,1,0,0,0,0,0,0,0,0,0,1,1,1,1,1,"Scarred",21,"Min ATK + %d ",0,
2058,80,105,70,110,0,0,1,0,0,0,0,0,0,0,0,0,1,1,1,1,1,"Heroic",21,"Min ATK + %d ",0,
2059,90,105,85,140,0,0,1,0,0,0,0,0,0,0,0,0,1,1,1,1,1,"Berserk",21,"Min ATK + %d ",0,
2060,100,105,100,155,0,0,1,0,0,0,0,0,0,0,0,0,1,1,1,1,1,"Martial",21,"Min ATK + %d ",0,
2061,10,106,1,18,0,0,1,0,0,0,0,0,0,0,0,0,1,1,1,1,1,"Valorous",22,"Max ATK + %d ",0,
2062,20,106,1,30,0,0,1,0,0,0,0,0,0,0,0,0,1,1,1,1,1,"Sharp",22,"Max ATK + %d ",0,
2063,30,106,1,44,0,0,1,0,0,0,0,0,0,0,0,0,1,1,1,1,1,"Bold",22,"Max ATK + %d ",0,
2064,40,106,18,57,0,0,1,0,0,0,0,0,0,0,0,0,1,1,1,1,1,"Fearless",22,"Max ATK + %d ",0,
2065,50,106,30,70,0,0,1,0,0,0,0,0,0,0,0,0,1,1,1,1,1,"Vanward ",22,"Max ATK + %d ",0,
2066,60,106,44,85,0,0,1,0,0,0,0,0,0,0,0,0,1,1,1,1,1,"Valiant",22,"Max ATK + %d ",0,
2067,70,106,57,100,0,0,1,0,0,0,0,0,0,0,0,0,1,1,1,1,1,"Scarred",22,"Max ATK + %d ",0,
2068,80,106,70,110,0,0,1,0,0,0,0,0,0,0,0,0,1,1,1,1,1,"Heroic",22,"Max ATK + %d ",0,
2069,90,106,85,140,0,0,1,0,0,0,0,0,0,0,0,0,1,1,1,1,1,"Berserk",22,"Max ATK + %d ",0,
2070,100,106,100,155,0,0,1,0,0,0,0,0,0,0,0,0,1,1,1,1,1,"Martial",22,"Max ATK + %d ",0,
2071,10,107,1,18,0,0,1,0,0,0,0,0,0,0,0,0,1,1,1,1,1,"Haughty",19,"Min MA + %d ",0,
2072,20,107,1,30,0,0,1,0,0,0,0,0,0,0,0,0,1,1,1,1,1,"Foxy",19,"Min MA + %d ",0,
2073,30,107,1,44,0,0,1,0,0,0,0,0,0,0,0,0,1,1,1,1,1,"Tiger",19,"Min MA + %d ",0,
2074,40,107,18,57,0,0,1,0,0,0,0,0,0,0,0,0,1,1,1,1,1,"Leopard",19,"Min MA + %d ",0,
2075,50,107,30,70,0,0,1,0,0,0,0,0,0,0,0,0,1,1,1,1,1,"Marmot",19,"Min MA + %d ",0,
2076,60,107,44,85,0,0,1,0,0,0,0,0,0,0,0,0,1,1,1,1,1,"Swallow",19,"Min MA + %d ",0,
2077,70,107,57,100,0,0,1,0,0,0,0,0,0,0,0,0,1,1,1,1,1,"Gecko",19,"Min MA + %d ",0,
2078,80,107,70,110,0,0,1,0,0,0,0,0,0,0,0,0,1,1,1,1,1,"Sunshine",19,"Min MA + %d ",0,
2079,90,107,85,140,0,0,1,0,0,0,0,0,0,0,0,0,1,1,1,1,1,"Moonlight",19,"Min MA + %d ",0,
2080,100,107,100,155,0,0,1,0,0,0,0,0,0,0,0,0,1,1,1,1,1,"Monkey",19,"Min MA + %d ",0,
2081,10,107,1,18,0,0,1,0,0,0,0,0,0,0,0,0,1,1,1,1,1,"Humane",20,"Max MA + %d ",0,
2082,20,107,1,30,0,0,1,0,0,0,0,0,0,0,0,0,1,1,1,1,1,"Meditative",20,"Max MA + %d ",0,
2083,30,107,1,44,0,0,1,0,0,0,0,0,0,0,0,0,1,1,1,1,1,"Spiritual",20,"Max MA + %d ",0,
2084,40,107,18,57,0,0,1,0,0,0,0,0,0,0,0,0,1,1,1,1,1,"Calm",20,"Max MA + %d ",0,
2085,50,107,30,70,0,0,1,0,0,0,0,0,0,0,0,0,1,1,1,1,1,"Wishful",20,"Max MA + %d ",0,
2086,60,107,44,85,0,0,1,0,0,0,0,0,0,0,0,0,1,1,1,1,1,"Godly",20,"Max MA + %d ",0,
2087,70,107,57,100,0,0,1,0,0,0,0,0,0,0,0,0,1,1,1,1,1,"Jade",20,"Max MA + %d ",0,
2088,80,107,70,110,0,0,1,0,0,0,0,0,0,0,0,0,1,1,1,1,1,"Serenity",20,"Max MA + %d ",0,
2089,90,107,85,140,0,0,1,0,0,0,0,0,0,0,0,0,1,1,1,1,1,"Curcule",20,"Max MA + %d ",0,
2090,100,107,100,155,0,0,1,0,0,0,0,0,0,0,0,0,1,1,1,1,1,"Bardic",20,"Max MA + %d ",0,
2091,10,108,1,2,0,0,1,0,0,0,0,0,0,0,1,0,0,0,1,1,1,"Luciferous",27,"Crt ATK + %d ",0,
2092,20,108,1,3,0,0,1,0,0,0,0,0,0,0,1,0,0,0,1,1,1,"Gallant",27,"Crt ATK + %d ",0,
2093,30,108,1,4,0,0,1,0,0,0,0,0,0,0,1,0,0,0,1,1,1,"Libratory",27,"Crt ATK + %d ",0,
2094,40,108,2,5,0,0,1,0,0,0,0,0,0,0,1,0,0,0,1,1,1,"Colossal",27,"Crt ATK + %d ",0,
2095,50,108,2,6,0,0,1,0,0,0,0,0,0,0,1,0,0,0,1,1,1,"Plumy",27,"Crt ATK + %d ",0,
2096,60,108,2,7,0,0,1,0,0,0,0,0,0,0,1,0,0,0,1,1,1,"Victorious",27,"Crt ATK + %d ",0,
2097,70,108,2,8,0,0,1,0,0,0,0,0,0,0,1,0,0,0,1,1,1,"Grace",27,"Crt ATK + %d ",0,
2098,80,108,3,9,0,0,1,0,0,0,0,0,0,0,1,0,0,0,1,1,1,"Virtuous",27,"Crt ATK + %d ",0,
2099,90,108,3,9,0,0,1,0,0,0,0,0,0,0,1,0,0,0,1,1,1,"Stealthy",27,"Crt ATK + %d ",0,
2100,100,108,3,9,0,0,1,0,0,0,0,0,0,0,1,0,0,0,1,1,1,"Dedicated",27,"Crt ATK + %d ",0,
2101,10,109,1,2,0,0,1,0,0,0,0,0,0,1,0,0,0,0,1,1,1,"Nipping",28,"Crt Skill + %d ",0,
2102,20,109,1,3,0,0,1,0,0,0,0,0,0,1,0,0,0,0,1,1,1,"Aboil",28,"Crt Skill + %d ",0,
2103,30,109,1,4,0,0,1,0,0,0,0,0,0,1,0,0,0,0,1,1,1,"Bestial",28,"Crt Skill + %d ",0,
2104,40,109,2,5,0,0,1,0,0,0,0,0,0,1,0,0,0,0,1,1,1,"Deadly",28,"Crt Skill + %d ",0,
2105,50,109,2,6,0,0,1,0,0,0,0,0,0,1,0,0,0,0,1,1,1,"Wicked",28,"Crt Skill + %d ",0,
2106,60,109,2,7,0,0,1,0,0,0,0,0,0,1,0,0,0,0,1,1,1,"Somber",28,"Crt Skill + %d ",0,
2107,70,109,2,8,0,0,1,0,0,0,0,0,0,1,0,0,0,0,1,1,1,"Knightly",28,"Crt Skill + %d ",0,
2108,80,109,3,9,0,0,1,0,0,0,0,0,0,1,0,0,0,0,1,1,1,"Poisonous",28,"Crt Skill + %d ",0,
2109,90,109,3,9,0,0,1,0,0,0,0,0,0,1,0,0,0,0,1,1,1,"Bear",28,"Crt Skill + %d ",0,
2110,100,109,3,9,0,0,1,0,0,0,0,0,0,1,0,0,0,0,1,1,1,"Favonian",28,"Crt Skill + %d ",0,
2111,10,110,1,20,0,0,1,0,0,0,1,1,0,1,0,0,0,0,1,1,1,"Wistaria",6,"Hit + %d ",0,
2112,20,110,1,30,0,0,1,0,0,0,1,1,0,1,0,0,0,0,1,1,1,"Glorious",6,"Hit + %d ",0,
2113,30,110,1,40,0,0,1,0,0,0,1,1,0,1,0,0,0,0,1,1,1,"Angelic",6,"Hit + %d ",0,
2114,40,110,2,50,0,0,1,0,0,0,1,1,0,1,0,0,0,0,1,1,1,"Hateful",6,"Hit + %d ",0,
2115,50,110,2,60,0,0,1,0,0,0,1,1,0,1,0,0,0,0,1,1,1,"Cruel",6,"Hit + %d ",0,
2116,60,110,2,70,0,0,1,0,0,0,1,1,0,1,0,0,0,0,1,1,1,"Infinity",6,"Hit + %d ",0,
2117,70,110,2,80,0,0,1,0,0,0,1,1,0,1,0,0,0,0,1,1,1,"Solid",6,"Hit + %d ",0,
2118,80,110,3,90,0,0,1,0,0,0,1,1,0,1,0,0,0,0,1,1,1,"Critical",6,"Hit + %d ",0,
2119,90,110,3,100,0,0,1,0,0,0,1,1,0,1,0,0,0,0,1,1,1,"Intrepid",6,"Hit + %d ",0,
2120,100,110,3,110,0,0,1,0,0,0,1,1,0,1,0,0,0,0,1,1,1,"Raging",6,"Hit + %d ",0,
2121,10,111,1,20,0,0,1,0,0,1,1,1,0,0,0,1,0,0,1,1,1,"Shadowless",7,"Dodge + %d ",0,
2122,20,111,1,30,0,0,1,0,0,1,1,1,0,0,0,1,0,0,1,1,1,"Typhonic",7,"Dodge + %d ",0,
2123,30,111,1,40,0,0,1,0,0,1,1,1,0,0,0,1,0,0,1,1,1,"Flash",7,"Dodge + %d ",0,
2124,40,111,2,50,0,0,1,0,0,1,1,1,0,0,0,1,0,0,1,1,1,"Nimble",7,"Dodge + %d ",0,
2125,50,111,2,60,0,0,1,0,0,1,1,1,0,0,0,1,0,0,1,1,1,"Swift",7,"Dodge + %d ",0,
2126,60,111,2,70,0,0,1,0,0,1,1,1,0,0,0,1,0,0,1,1,1,"Quick",7,"Dodge + %d ",0,
2127,70,111,2,80,0,0,1,0,0,1,1,1,0,0,0,1,0,0,1,1,1,"Adroit",7,"Dodge + %d ",0,
2128,80,111,3,90,0,0,1,0,0,1,1,1,0,0,0,1,0,0,1,1,1,"Prompt",7,"Dodge + %d ",0,
2129,90,111,3,100,0,0,1,0,0,1,1,1,0,0,0,1,0,0,1,1,1,"Smart",7,"Dodge + %d ",0,
2130,100,111,3,110,0,0,1,0,0,1,1,1,0,0,0,1,0,0,1,1,1,"Fiend",7,"Dodge + %d ",0,
2131,10,112,1,10,0,0,1,0,0,0,1,1,0,1,0,0,0,0,1,1,1,"Inspirational",15,"Rage + %d ",0,
2132,20,112,1,15,0,0,1,0,0,0,1,1,0,1,0,0,0,0,1,1,1,"Redemptive",15,"Rage + %d ",0,
2133,30,112,1,20,0,0,1,0,0,0,1,1,0,1,0,0,0,0,1,1,1,"Apollo",15,"Rage + %d ",0,
2134,40,112,5,25,0,0,1,0,0,0,1,1,0,1,0,0,0,0,1,1,1,"Meditative",15,"Rage + %d ",0,
2135,50,112,5,30,0,0,1,0,0,0,1,1,0,1,0,0,0,0,1,1,1,"Wise",15,"Rage + %d ",0,
2136,60,112,5,35,0,0,1,0,0,0,1,1,0,1,0,0,0,0,1,1,1,"Miraculous",15,"Rage + %d ",0,
2137,70,112,10,40,0,0,1,0,0,0,1,1,0,1,0,0,0,0,1,1,1,"Buddhist",15,"Rage + %d ",0,
2138,80,112,10,45,0,0,1,0,0,0,1,1,0,1,0,0,0,0,1,1,1,"Taoist",15,"Rage + %d ",0,
2139,90,112,10,50,0,0,1,0,0,0,1,1,0,1,0,0,0,0,1,1,1,"Idyllic",15,"Rage + %d ",0,
2140,100,112,15,55,0,0,1,0,0,0,1,1,0,1,0,0,0,0,1,1,1,"Celestial",15,"Rage + %d ",0,
2141,10,113,3,6,0,0,1,0,0,0,0,0,0,0,0,1,0,0,1,1,1,"Awing",17,"Attack Priority + %d ",0,
2142,20,113,3,8,0,0,1,0,0,0,0,0,0,0,0,1,0,0,1,1,1,"Irised",17,"Attack Priority + %d ",0,
2143,30,113,3,10,0,0,1,0,0,0,0,0,0,0,0,1,0,0,1,1,1,"Fiery-hot",17,"Attack Priority + %d ",0,
2144,40,113,6,12,0,0,1,0,0,0,0,0,0,0,0,1,0,0,1,1,1,"Flamy",17,"Attack Priority + %d ",0,
2145,50,113,9,14,0,0,1,0,0,0,0,0,0,0,0,1,0,0,1,1,1,"Abyssal",17,"Attack Priority + %d ",0,
2146,60,113,10,16,0,0,1,0,0,0,0,0,0,0,0,1,0,0,1,1,1,"Crazy",17,"Attack Priority + %d ",0,
2147,70,113,11,18,0,0,1,0,0,0,0,0,0,0,0,1,0,0,1,1,1,"Stinging",17,"Attack Priority + %d ",0,
2148,80,113,12,20,0,0,1,0,0,0,0,0,0,0,0,1,0,0,1,1,1,"Dazzling",17,"Attack Priority + %d ",0,
2149,90,113,13,22,0,0,1,0,0,0,0,0,0,0,0,1,0,0,1,1,1,"Hasty",17,"Attack Priority + %d ",0,
2150,100,113,14,24,0,0,1,0,0,0,0,0,0,0,0,1,0,0,1,1,1,"Faithful",17,"Attack Priority + %d ",0,
2151,10,114,-1,-2,0,0,1,0,0,0,0,0,0,1,0,0,0,0,1,1,1,"Mantic",60,"MP Cost %d% ",0,
2152,20,114,-1,-3,0,0,1,0,0,0,0,0,0,1,0,0,0,0,1,1,1,"Wise",60,"MP Cost %d% ",0,
2153,30,114,-1,-4,0,0,1,0,0,0,0,0,0,1,0,0,0,0,1,1,1,"Theurgy",60,"MP Cost %d% ",0,
2154,40,114,-2,-5,0,0,1,0,0,0,0,0,0,1,0,0,0,0,1,1,1,"Erudite",60,"MP Cost %d% ",0,
2155,50,114,-2,-6,0,0,1,0,0,0,0,0,0,1,0,0,0,0,1,1,1,"Clerical",60,"MP Cost %d% ",0,
2156,60,114,-2,-6,0,0,1,0,0,0,0,0,0,1,0,0,0,0,1,1,1,"Undying",60,"MP Cost %d% ",0,
2157,70,114,-3,-6,0,0,1,0,0,0,0,0,0,1,0,0,0,0,1,1,1,"Judicious",60,"MP Cost %d% ",0,
2158,80,114,-3,-7,0,0,1,0,0,0,0,0,0,1,0,0,0,0,1,1,1,"Deiform",60,"MP Cost %d% ",0,
2159,90,114,-3,-7,0,0,1,0,0,0,0,0,0,1,0,0,0,0,1,1,1,"Discreet",60,"MP Cost %d% ",0,
2160,100,114,-4,-8,0,0,1,0,0,0,0,0,0,1,0,0,0,0,1,1,1,"Wizardly",60,"MP Cost %d% ",0,
2161,10,115,1,2,0,0,1,0,0,0,0,1,1,0,0,0,0,0,1,1,1,"Lucky",52,"Drop Rate + %d ",0,
2162,20,115,1,3,0,0,1,0,0,0,0,1,1,0,0,0,0,0,1,1,1,"Resolute",52,"Drop Rate + %d ",0,
2163,30,115,1,4,0,0,1,0,0,0,0,1,1,0,0,0,0,0,1,1,1,"Tactful",52,"Drop Rate + %d ",0,
2164,40,115,2,5,0,0,1,0,0,0,0,1,1,0,0,0,0,0,1,1,1,"Illusive",52,"Drop Rate + %d ",0,
2165,50,115,2,6,0,0,1,0,0,0,0,1,1,0,0,0,0,0,1,1,1,"Strong",52,"Drop Rate + %d ",0,
2166,60,115,2,7,0,0,1,0,0,0,0,1,1,0,0,0,0,0,1,1,1,"Sovereign",52,"Drop Rate + %d ",0,
2167,70,115,3,8,0,0,1,0,0,0,0,1,1,0,0,0,0,0,1,1,1,"Poignant",52,"Drop Rate + %d ",0,
2168,80,115,3,9,0,0,1,0,0,0,0,1,1,0,0,0,0,0,1,1,1,"Ancient",52,"Drop Rate + %d ",0,
2169,90,115,3,10,0,0,1,0,0,0,0,1,1,0,0,0,0,0,1,1,1,"Bloody",52,"Drop Rate + %d ",0,
2170,100,115,4,11,0,0,1,0,0,0,0,1,1,0,0,0,0,0,1,1,1,"Regnal",52,"Drop Rate + %d ",0,
2171,10,116,1,6,0,0,0,0,0,0,0,0,0,0,0,0,0,0,0,0,0,"Miscreant",13,"Life Drain + %d ",0,
2172,20,116,1,7,0,0,0,0,0,0,0,0,0,0,0,0,0,0,0,0,0,"Feculent",13,"Life Drain + %d ",0,
2173,30,116,1,8,0,0,0,0,0,0,0,0,0,0,0,0,0,0,0,0,0,"Destructive",13,"Life Drain + %d ",0,
2174,40,116,2,9,0,0,0,0,0,0,0,0,0,0,0,0,0,0,0,0,0,"Sanguinary",13,"Life Drain + %d ",0,
2175,50,116,2,10,0,0,0,0,0,0,0,0,0,0,0,0,0,0,0,0,0,"Deserted",13,"Life Drain + %d ",0,
2176,60,116,2,11,0,0,0,0,0,0,0,0,0,0,0,0,0,0,0,0,0,"Lilac",13,"Life Drain + %d ",0,
2177,70,116,3,12,0,0,0,0,0,0,0,0,0,0,0,0,0,0,0,0,0,"Starry",13,"Life Drain + %d ",0,
2178,80,116,3,13,0,0,0,0,0,0,0,0,0,0,0,0,0,0,0,0,0,"Colourful",13,"Life Drain + %d ",0,
2179,90,116,3,14,0,0,0,0,0,0,0,0,0,0,0,0,0,0,0,0,0,"Wraith",13,"Life Drain + %d ",0,
2180,100,116,4,15,0,0,0,0,0,0,0,0,0,0,0,0,0,0,0,0,0,"Red",13,"Life Drain + %d ",0,
2181,10,117,1,2,0,0,1,0,0,0,0,1,1,0,0,0,0,0,1,1,1,"Snow Moon",26,"Debuff Resistance + %d ",0,
2182,20,117,1,2,0,0,1,0,0,0,0,1,1,0,0,0,0,0,1,1,1,"Phoenix",26,"Debuff Resistance + %d ",0,
2183,30,117,1,2,0,0,1,0,0,0,0,1,1,0,0,0,0,0,1,1,1,"Imperial Armor",26,"Debuff Resistance + %d ",0,
2184,40,117,1,3,0,0,1,0,0,0,0,1,1,0,0,0,0,0,1,1,1,"Black Ghost",26,"Debuff Resistance + %d ",0,
2185,50,117,1,3,0,0,1,0,0,0,0,1,1,0,0,0,0,0,1,1,1,"Sedulous",26,"Debuff Resistance + %d ",0,
2186,60,117,1,3,0,0,1,0,0,0,0,1,1,0,0,0,0,0,1,1,1,"Caky",26,"Debuff Resistance + %d ",0,
2187,70,117,1,4,0,0,1,0,0,0,0,1,1,0,0,0,0,0,1,1,1,"Blade",26,"Debuff Resistance + %d ",0,
2188,80,117,1,4,0,0,1,0,0,0,0,1,1,0,0,0,0,0,1,1,1,"Meridian",26,"Debuff Resistance + %d ",0,
2189,90,117,1,4,0,0,1,0,0,0,0,1,1,0,0,0,0,0,1,1,1,"Deathlike",26,"Debuff Resistance + %d ",0,
2190,10,110,25,45,0,0,0,1,0,0,0,0,0,0,0,0,0,0,0,0,0,"Full Metal",8,"DEF + %d ",0,
2191,20,110,45,95,0,0,0,1,0,0,0,0,0,0,0,0,0,0,0,0,0,"Musing",8,"DEF + %d ",0,
2192,30,110,60,140,0,0,0,1,0,0,0,0,0,0,0,0,0,0,0,0,0,"Guardian",8,"DEF + %d ",0,
2193,40,110,75,185,0,0,0,1,0,0,0,0,0,0,0,0,0,0,0,0,0,"Goddess",8,"DEF + %d ",0,
2194,50,110,90,235,0,0,0,1,0,0,0,0,0,0,0,0,0,0,0,0,0,"Benevolent",8,"DEF + %d ",0,
2195,60,110,109,280,0,0,0,1,0,0,0,0,0,0,0,0,0,0,0,0,0,"Bright",8,"DEF + %d ",0,
2196,70,110,125,325,0,0,0,1,0,0,0,0,0,0,0,0,0,0,0,0,0,"Lamaist",8,"DEF + %d ",0,
2197,80,110,142,375,0,0,0,1,0,0,0,0,0,0,0,0,0,0,0,0,0,"Auspeicious",8,"DEF + %d ",0,
2198,90,110,158,415,0,0,0,1,0,0,0,0,0,0,0,0,0,0,0,0,0,"Grand",8,"DEF + %d ",0,
2199,100,110,175,465,0,0,0,1,0,0,0,0,0,0,0,0,0,0,0,0,0,"Generous",8,"DEF + %d ",0,
2200,10,111,25,45,0,0,0,1,0,0,0,0,0,0,0,0,0,0,0,0,0,"Carmenta",10,"MDEF + %d ",0,
2201,20,111,45,95,0,0,0,1,0,0,0,0,0,0,0,0,0,0,0,0,0,"Fauna",10,"MDEF + %d ",0,
2202,30,111,60,140,0,0,0,1,0,0,0,0,0,0,0,0,0,0,0,0,0,"Diana",10,"MDEF + %d ",0,
2203,40,111,75,185,0,0,0,1,0,0,0,0,0,0,0,0,0,0,0,0,0,"Flora",10,"MDEF + %d ",0,
2204,50,111,90,235,0,0,0,1,0,0,0,0,0,0,0,0,0,0,0,0,0,"Fortuna",10,"MDEF + %d ",0,
2205,60,111,109,280,0,0,0,1,0,0,0,0,0,0,0,0,0,0,0,0,0,"Vulcan",10,"MDEF + %d ",0,
2206,70,111,125,325,0,0,0,1,0,0,0,0,0,0,0,0,0,0,0,0,0,"Fortuna",10,"MDEF + %d ",0,
2207,80,111,142,375,0,0,0,1,0,0,0,0,0,0,0,0,0,0,0,0,0,"Apollo",10,"MDEF + %d ",0,
2208,90,111,158,415,0,0,0,1,0,0,0,0,0,0,0,0,0,0,0,0,0,"Juno",10,"MDEF + %d ",0,
2209,100,111,175,465,0,0,0,1,0,0,0,0,0,0,0,0,0,0,0,0,0,"Jupiter",10,"MDEF + %d ",0,
2210,10,106,25,50,0,0,0,0,1,0,0,0,0,0,0,0,0,0,0,0,0,"Valorous",22,"Max ATK + %d ",0,
2211,20,106,30,60,0,0,0,0,1,0,0,0,0,0,0,0,0,0,0,0,0,"Sharp",22,"Max ATK + %d ",0,
2212,30,106,35,100,0,0,0,0,1,0,0,0,0,0,0,0,0,0,0,0,0,"Bold",22,"Max ATK + %d ",0,
2213,40,106,40,130,0,0,0,0,1,0,0,0,0,0,0,0,0,0,0,0,0,"Fearless",22,"Max ATK + %d ",0,
2214,50,106,45,160,0,0,0,0,1,0,0,0,0,0,0,0,0,0,0,0,0,"Vanward ",22,"Max ATK + %d ",0,
2215,60,106,50,200,0,0,0,0,1,0,0,0,0,0,0,0,0,0,0,0,0,"Valiant",22,"Max ATK + %d ",0,
2216,70,106,55,240,0,0,0,0,1,0,0,0,0,0,0,0,0,0,0,0,0,"Scarred",22,"Max ATK + %d ",0,
2217,80,106,60,275,0,0,0,0,1,0,0,0,0,0,0,0,0,0,0,0,0,"Heroic",22,"Max ATK + %d ",0,
2218,90,106,65,310,0,0,0,0,1,0,0,0,0,0,0,0,0,0,0,0,0,"Berserk",22,"Max ATK + %d ",0,
2219,100,106,70,350,0,0,0,0,1,0,0,0,0,0,0,0,0,0,0,0,0,"Martial",22,"Max ATK + %d ",0,
2220,10,107,25,50,0,0,0,0,1,0,0,0,0,0,0,0,0,0,0,0,0,"Humane",20,"Max MA + %d ",0,
2221,20,107,30,60,0,0,0,0,1,0,0,0,0,0,0,0,0,0,0,0,0,"Meditative",20,"Max MA + %d ",0,
2222,30,107,35,100,0,0,0,0,1,0,0,0,0,0,0,0,0,0,0,0,0,"Spiritual",20,"Max MA + %d ",0,
2223,40,107,40,130,0,0,0,0,1,0,0,0,0,0,0,0,0,0,0,0,0,"Calm",20,"Max MA + %d ",0,
2224,50,107,45,160,0,0,0,0,1,0,0,0,0,0,0,0,0,0,0,0,0,"Wishful",20,"Max MA + %d ",0,
2225,60,107,50,200,0,0,0,0,1,0,0,0,0,0,0,0,0,0,0,0,0,"Godly",20,"Max MA + %d ",0,
2226,70,107,55,240,0,0,0,0,1,0,0,0,0,0,0,0,0,0,0,0,0,"Jade",20,"Max MA + %d ",0,
2227,80,107,60,275,0,0,0,0,1,0,0,0,0,0,0,0,0,0,0,0,0,"Serenity",20,"Max MA + %d ",0,
2228,90,107,65,310,0,0,0,0,1,0,0,0,0,0,0,0,0,0,0,0,0,"Curcule",20,"Max MA + %d ",0,
2229,100,107,70,350,0,0,0,0,1,0,0,0,0,0,0,0,0,0,0,0,0,"Bardic",20,"Max MA + %d ",0,
2230,10,105,10,20,0,0,0,0,0,0,0,0,0,0,0,0,0,0,0,0,0,"Valorous",21,"Min ATK + %d ",0,
2231,10,106,10,20,0,0,0,0,0,0,0,0,0,0,0,0,0,0,0,0,0,"Valorous",22,"Max ATK + %d ",0,
2232,10,107,10,20,0,0,0,0,0,0,0,0,0,0,0,0,0,0,0,0,0,"Haughty",19,"Min MA + %d ",0,
2233,10,107,10,20,0,0,0,0,0,0,0,0,0,0,0,0,0,0,0,0,0,"Humane",20,"Max MA + %d ",0,
2234,10,117,10,20,0,0,0,0,0,0,0,0,0,0,0,0,0,0,0,0,0,"Snow moon",26,"Debuff Resistance + %d ",0,
2235,10,110,10,20,0,0,0,0,0,0,0,0,0,0,0,0,0,0,0,0,0,"Full Metal",8,"DEF + %d ",0,
2236,10,111,10,20,0,0,0,0,0,0,0,0,0,0,0,0,0,0,0,0,0,"Carmenta",10,"MDEF + %d ",0,
2237,10,113,10,20,0,0,0,0,0,0,0,0,0,0,0,0,0,0,0,0,0,"Awing",17,"Attack Priority + %d ",0,
2238,10,110,10,20,0,0,0,0,0,0,0,0,0,0,0,0,0,0,0,0,0,"Wistaria",6,"Hit + %d ",0,
2239,10,111,10,20,0,0,0,0,0,0,0,0,0,0,0,0,0,0,0,0,0,"Shadowless",7,"Dodge + %d ",0,
2240,10,108,10,20,0,0,0,0,0,0,0,0,0,0,0,0,0,0,0,0,0,"Lasting",4,"Max HP + %d ",0,
2241,10,109,10,20,0,0,0,0,0,0,0,0,0,0,0,0,0,0,0,0,0,"Arioso",5,"Max MP + %d ",0,
2242,10,112,10,20,0,0,0,0,0,0,0,0,0,0,0,0,0,0,0,0,0,"Inspirational",15,"Rage + %d ",0,
2243,10,109,10,20,0,0,0,0,0,0,0,0,0,0,0,0,0,0,0,0,0,"Nipping",28,"Crt Skill + %d ",0,
2244,10,105,10,20,0,0,0,0,0,0,0,0,0,0,0,0,0,0,0,0,0,"Valorous",21,"Min ATK + %d (4 Pieces Activated)",0,
2245,10,106,10,20,0,0,0,0,0,0,0,0,0,0,0,0,0,0,0,0,0,"Valorous",22,"Max ATK + %d (5 Pieces Activated)",0,
2246,10,107,10,20,0,0,0,0,0,0,0,0,0,0,0,0,0,0,0,0,0,"Haughty",19,"Min MA + %d (4 Pieces Activated)",0,
2247,10,107,10,20,0,0,0,0,0,0,0,0,0,0,0,0,0,0,0,0,0,"Humane",20,"Max MA + %d (5 Pieces Activated)",0,
2248,10,117,10,20,0,0,0,0,0,0,0,0,0,0,0,0,0,0,0,0,0,"Snow Moon",26,"Debuff Resistance + %d (+ 6 All Pieces Activated)",0,
2249,10,110,10,20,0,0,0,0,0,0,0,0,0,0,0,0,0,0,0,0,0,"Wistaria",6,"Hit + %d (3 Pieces Activated)",0,
2250,10,110,10,20,0,0,0,0,0,0,0,0,0,0,0,0,0,0,0,0,0,"Full Metal",8,"DEF + %d (3 Pieces Activated)",0,
2251,10,111,10,20,0,0,0,0,0,0,0,0,0,0,0,0,0,0,0,0,0,"Carmenta",10,"MDEF + %d (4 Pieces Activated)",0,
2252,10,108,10,20,0,0,0,0,0,0,0,0,0,0,0,0,0,0,0,0,0,"Lasting",4,"Max HP + %d (5 Pieces Activated)",0,
2253,10,111,10,20,0,0,0,0,0,0,0,0,0,0,0,0,0,0,0,0,0,"Shadowless",7,"Dodge + %d (3 Pieces Activated)",0,
2254,10,113,10,20,0,0,0,0,0,0,0,0,0,0,0,0,0,0,0,0,0,"Awing",17,"Attack Priority + %d ( + 6 All Pieces Activated)",0,
8101,10,105,10,20,0,0,0,0,0,0,0,0,0,0,0,0,0,0,0,0,0,"特别",21,"攻击下限 ＋%d点",0,
8102,10,106,10,20,0,0,0,0,0,0,0,0,0,0,0,0,0,0,0,0,0,"特别",22,"攻击上限 ＋%d点",0,
8103,10,107,10,20,0,0,0,0,0,0,0,0,0,0,0,0,0,0,0,0,0,"特别",19,"仙法下限＋%d点",0,
8104,10,107,10,20,0,0,0,0,0,0,0,0,0,0,0,0,0,0,0,0,0,"特别",20,"仙法上限＋%d点",0,
8105,10,117,10,20,0,0,0,0,0,0,0,0,0,0,0,0,0,0,0,0,0,"特别",26,"异常状态抗性+%d点",0,
8106,10,110,10,20,0,0,0,0,0,0,0,0,0,0,0,0,0,0,0,0,0,"特别",8,"防御 ＋%d点",0,
8107,10,111,10,20,0,0,0,0,0,0,0,0,0,0,0,0,0,0,0,0,0,"特别",10,"仙术抵抗 ＋%d点",0,
8108,10,113,10,20,0,0,0,0,0,0,0,0,0,0,0,0,0,0,0,0,0,"特别",17,"速度+%d点",0,
8109,10,110,10,20,0,0,0,0,0,0,0,0,0,0,0,0,0,0,0,0,0,"特别",6,"命中＋%d点",0,
8110,10,111,10,20,0,0,0,0,0,0,0,0,0,0,0,0,0,0,0,0,0,"特别",7,"躲闪＋%d点",0,
8111,10,108,10,20,0,0,0,0,0,0,0,0,0,0,0,0,0,0,0,0,0,"特别",4,"气血值上限 ＋%d点",0,
8112,10,109,10,20,0,0,0,0,0,0,0,0,0,0,0,0,0,0,0,0,0,"特别",5,"灵气值上限 ＋%d点",0,
8113,10,112,10,20,0,0,0,0,0,0,0,0,0,0,0,0,0,0,0,0,0,"特别",15,"怒气+%d点",0,
8114,20,108,1,3,0,0,0,0,0,0,0,0,0,0,0,0,0,0,0,0,0,"特别",27,"攻击致命＋%d点",0,
8115,10,109,10,20,0,0,0,0,0,0,0,0,0,0,0,0,0,0,0,0,0,"特别",28,"技能致命＋%d点",0,
8116,10,115,1,2,0,0,0,0,0,0,0,0,0,0,0,0,0,0,0,0,0,"特别",52,"物品掉落概率+%d点",0,
8117,10,105,10,20,0,0,0,0,0,0,0,0,0,0,0,0,0,0,0,0,0,"特别",21,"攻击下限 ＋%d点",0,
8118,10,106,10,20,0,0,0,0,0,0,0,0,0,0,0,0,0,0,0,0,0,"特别",22,"攻击上限 ＋%d点",0,
8119,10,107,10,20,0,0,0,0,0,0,0,0,0,0,0,0,0,0,0,0,0,"特别",19,"仙法下限＋%d点",0,
8120,10,107,10,20,0,0,0,0,0,0,0,0,0,0,0,0,0,0,0,0,0,"特别",20,"仙法上限＋%d点",0,
8121,10,117,10,20,0,0,0,0,0,0,0,0,0,0,0,0,0,0,0,0,0,"特别",26,"异常状态抗性+%d点",0,
8122,10,110,10,20,0,0,0,0,0,0,0,0,0,0,0,0,0,0,0,0,0,"特别",8,"防御 ＋%d点",0,
8123,10,111,10,20,0,0,0,0,0,0,0,0,0,0,0,0,0,0,0,0,0,"特别",10,"仙术抵抗 ＋%d点",0,
8124,10,113,10,20,0,0,0,0,0,0,0,0,0,0,0,0,0,0,0,0,0,"特别",17,"速度+%d点",0,
8125,10,110,10,20,0,0,0,0,0,0,0,0,0,0,0,0,0,0,0,0,0,"特别",6,"命中＋%d点",0,
8126,10,111,10,20,0,0,0,0,0,0,0,0,0,0,0,0,0,0,0,0,0,"特别",7,"躲闪＋%d点",0,
8127,10,108,10,20,0,0,0,0,0,0,0,0,0,0,0,0,0,0,0,0,0,"特别",4,"气血值上限 ＋%d点",0,
8128,10,109,10,20,0,0,0,0,0,0,0,0,0,0,0,0,0,0,0,0,0,"特别",5,"灵气值上限 ＋%d点",0,
8129,10,112,10,20,0,0,0,0,0,0,0,0,0,0,0,0,0,0,0,0,0,"特别",15,"怒气+%d点",0,
8130,20,108,1,3,0,0,0,0,0,0,0,0,0,0,0,0,0,0,0,0,0,"特别",27,"攻击致命＋%d点",0,
8131,10,109,10,20,0,0,0,0,0,0,0,0,0,0,0,0,0,0,0,0,0,"特别",28,"技能致命＋%d点",0,
8132,10,115,1,2,0,0,0,0,0,0,0,0,0,0,0,0,0,0,0,0,0,"特别",52,"物品掉落概率+%d点",0,
8133,10,105,10,20,0,0,0,0,0,0,0,0,0,0,0,0,0,0,0,0,0,"特别",21,"隐藏：攻击下限 ＋%d点",0,
8134,10,106,10,20,0,0,0,0,0,0,0,0,0,0,0,0,0,0,0,0,0,"特别",22,"隐藏：攻击上限 ＋%d点",0,
8135,10,107,10,20,0,0,0,0,0,0,0,0,0,0,0,0,0,0,0,0,0,"特别",19,"隐藏：仙法下限＋%d点",0,
8136,10,107,10,20,0,0,0,0,0,0,0,0,0,0,0,0,0,0,0,0,0,"特别",20,"隐藏：仙法上限＋%d点",0,
8137,10,117,10,20,0,0,0,0,0,0,0,0,0,0,0,0,0,0,0,0,0,"特别",26,"隐藏：异常状态抗性+%d点",0,
8138,10,110,10,20,0,0,0,0,0,0,0,0,0,0,0,0,0,0,0,0,0,"特别",8,"隐藏：防御 ＋%d点",0,
8139,10,111,10,20,0,0,0,0,0,0,0,0,0,0,0,0,0,0,0,0,0,"特别",10,"隐藏：仙术抵抗 ＋%d点",0,
8140,10,113,10,20,0,0,0,0,0,0,0,0,0,0,0,0,0,0,0,0,0,"特别",17,"隐藏：速度+%d点",0,
8141,10,110,10,20,0,0,0,0,0,0,0,0,0,0,0,0,0,0,0,0,0,"特别",6,"隐藏：命中＋%d点",0,
8142,10,111,10,20,0,0,0,0,0,0,0,0,0,0,0,0,0,0,0,0,0,"特别",7,"隐藏：躲闪＋%d点",0,
8143,10,108,10,20,0,0,0,0,0,0,0,0,0,0,0,0,0,0,0,0,0,"特别",4,"隐藏：气血值上限 ＋%d点",0,
8144,10,109,10,20,0,0,0,0,0,0,0,0,0,0,0,0,0,0,0,0,0,"特别",5,"隐藏：灵气值上限 ＋%d点",0,
8145,10,112,10,20,0,0,0,0,0,0,0,0,0,0,0,0,0,0,0,0,0,"特别",15,"隐藏：怒气+%d点",0,
8146,20,108,1,3,0,0,0,0,0,0,0,0,0,0,0,0,0,0,0,0,0,"特别",27,"隐藏：攻击致命＋%d点",0,
8147,10,109,10,20,0,0,0,0,0,0,0,0,0,0,0,0,0,0,0,0,0,"特别",28,"隐藏：技能致命＋%d点",0,
8148,10,115,1,2,0,0,0,0,0,0,0,0,0,0,0,0,0,0,0,0,0,"特别",52,"隐藏：物品掉落概率+%d点",0,
8149,0,118,0,2,0,0,0,0,0,0,0,0,0,0,0,0,0,0,0,0,0,"勇猛型",0,"勇猛型",0,
8150,0,118,0,2,0,0,0,0,0,0,0,0,0,0,0,0,0,0,0,0,0,"智慧型",0,"智慧型",0,
8151,0,118,0,2,0,0,0,0,0,0,0,0,0,0,0,0,0,0,0,0,0,"钢化型",0,"钢化型",0,
8152,0,118,0,2,0,0,0,0,0,0,0,0,0,0,0,0,0,0,0,0,0,"破坏型",0,"破坏型",0,
8153,0,118,0,2,0,0,0,0,0,0,0,0,0,0,0,0,0,0,0,0,0,"风速型",0,"风速型",0,
8154,0,118,0,2,0,0,0,0,0,0,0,0,0,0,0,0,0,0,0,0,0,"特殊型",0,"特殊型",0,
8155,0,118,0,2,0,0,0,0,0,0,0,0,0,0,0,0,0,0,0,0,0,"生命型",0,"生命型",0,
8156,0,118,0,2,0,0,0,0,0,0,0,0,0,0,0,0,0,0,0,0,0,"愤怒型",0,"愤怒型",0,
8157,10,106,1,18,0,0,0,0,0,0,0,0,0,0,0,0,0,0,0,0,0,"雷神型",22,"攻击上限 ＋%d点",0,
8158,20,106,1,30,0,0,0,0,0,0,0,0,0,0,0,0,0,0,0,0,0,"雷神型",22,"攻击上限 ＋%d点",0,
8159,30,106,1,44,0,0,0,0,0,0,0,0,0,0,0,0,0,0,0,0,0,"雷神型",22,"攻击上限 ＋%d点",0,
8160,40,106,18,57,0,0,0,0,0,0,0,0,0,0,0,0,0,0,0,0,0,"雷神型",22,"攻击上限 ＋%d点",0,
8161,50,106,30,70,0,0,0,0,0,0,0,0,0,0,0,0,0,0,0,0,0,"雷神型",22,"攻击上限 ＋%d点",0,
8162,60,106,44,85,0,0,0,0,0,0,0,0,0,0,0,0,0,0,0,0,0,"雷神型",22,"攻击上限 ＋%d点",0,
8163,70,106,57,100,0,0,0,0,0,0,0,0,0,0,0,0,0,0,0,0,0,"雷神型",22,"攻击上限 ＋%d点",0,
8164,80,106,70,110,0,0,0,0,0,0,0,0,0,0,0,0,0,0,0,0,0,"雷神型",22,"攻击上限 ＋%d点",0,
8165,90,106,85,125,0,0,0,0,0,0,0,0,0,0,0,0,0,0,0,0,0,"雷神型",22,"攻击上限 ＋%d点",0,
8166,100,106,100,140,0,0,0,0,0,0,0,0,0,0,0,0,0,0,0,0,0,"雷神型",22,"攻击上限 ＋%d点",0,
8167,10,105,1,18,0,0,0,0,0,0,0,0,0,0,0,0,0,0,0,0,0,"雷神型",21,"攻击下限 ＋%d点",0,
8168,20,105,1,30,0,0,0,0,0,0,0,0,0,0,0,0,0,0,0,0,0,"雷神型",21,"攻击下限 ＋%d点",0,
8169,30,105,1,44,0,0,0,0,0,0,0,0,0,0,0,0,0,0,0,0,0,"雷神型",21,"攻击下限 ＋%d点",0,
8170,40,105,18,57,0,0,0,0,0,0,0,0,0,0,0,0,0,0,0,0,0,"雷神型",21,"攻击下限 ＋%d点",0,
8171,50,105,30,70,0,0,0,0,0,0,0,0,0,0,0,0,0,0,0,0,0,"雷神型",21,"攻击下限 ＋%d点",0,
8172,60,105,44,85,0,0,0,0,0,0,0,0,0,0,0,0,0,0,0,0,0,"雷神型",21,"攻击下限 ＋%d点",0,
8173,70,105,57,100,0,0,0,0,0,0,0,0,0,0,0,0,0,0,0,0,0,"雷神型",21,"攻击下限 ＋%d点",0,
8174,80,105,70,110,0,0,0,0,0,0,0,0,0,0,0,0,0,0,0,0,0,"雷神型",21,"攻击下限 ＋%d点",0,
8175,90,105,85,125,0,0,0,0,0,0,0,0,0,0,0,0,0,0,0,0,0,"雷神型",21,"攻击下限 ＋%d点",0,
8176,100,105,100,140,0,0,0,0,0,0,0,0,0,0,0,0,0,0,0,0,0,"雷神型",21,"攻击下限 ＋%d点",0,
8177,10,107,1,18,0,0,0,0,0,0,0,0,0,0,0,0,0,0,0,0,0,"木神型",20,"仙法上限＋%d点",0,
8178,20,107,1,30,0,0,0,0,0,0,0,0,0,0,0,0,0,0,0,0,0,"木神型",20,"仙法上限＋%d点",0,
8179,30,107,1,44,0,0,0,0,0,0,0,0,0,0,0,0,0,0,0,0,0,"木神型",20,"仙法上限＋%d点",0,
8180,40,107,18,57,0,0,0,0,0,0,0,0,0,0,0,0,0,0,0,0,0,"木神型",20,"仙法上限＋%d点",0,
8181,50,107,30,70,0,0,0,0,0,0,0,0,0,0,0,0,0,0,0,0,0,"木神型",20,"仙法上限＋%d点",0,
8182,60,107,44,85,0,0,0,0,0,0,0,0,0,0,0,0,0,0,0,0,0,"木神型",20,"仙法上限＋%d点",0,
8183,70,107,57,100,0,0,0,0,0,0,0,0,0,0,0,0,0,0,0,0,0,"木神型",20,"仙法上限＋%d点",0,
8184,80,107,70,110,0,0,0,0,0,0,0,0,0,0,0,0,0,0,0,0,0,"木神型",20,"仙法上限＋%d点",0,
8185,90,107,85,125,0,0,0,0,0,0,0,0,0,0,0,0,0,0,0,0,0,"木神型",20,"仙法上限＋%d点",0,
8186,100,107,100,140,0,0,0,0,0,0,0,0,0,0,0,0,0,0,0,0,0,"木神型",20,"仙法上限＋%d点",0,
8187,10,107,1,18,0,0,0,0,0,0,0,0,0,0,0,0,0,0,0,0,0,"木神型",19,"仙法下限＋%d点",0,
8188,20,107,1,30,0,0,0,0,0,0,0,0,0,0,0,0,0,0,0,0,0,"木神型",19,"仙法下限＋%d点",0,
8189,30,107,1,44,0,0,0,0,0,0,0,0,0,0,0,0,0,0,0,0,0,"木神型",19,"仙法下限＋%d点",0,
8190,40,107,18,57,0,0,0,0,0,0,0,0,0,0,0,0,0,0,0,0,0,"木神型",19,"仙法下限＋%d点",0,
8191,50,107,30,70,0,0,0,0,0,0,0,0,0,0,0,0,0,0,0,0,0,"木神型",19,"仙法下限＋%d点",0,
8192,60,107,44,85,0,0,0,0,0,0,0,0,0,0,0,0,0,0,0,0,0,"木神型",19,"仙法下限＋%d点",0,
8193,70,107,57,100,0,0,0,0,0,0,0,0,0,0,0,0,0,0,0,0,0,"木神型",19,"仙法下限＋%d点",0,
8194,80,107,70,110,0,0,0,0,0,0,0,0,0,0,0,0,0,0,0,0,0,"木神型",19,"仙法下限＋%d点",0,
8195,90,107,85,125,0,0,0,0,0,0,0,0,0,0,0,0,0,0,0,0,0,"木神型",19,"仙法下限＋%d点",0,
8196,100,107,100,140,0,0,0,0,0,0,0,0,0,0,0,0,0,0,0,0,0,"木神型",19,"仙法下限＋%d点",0,
8197,10,110,25,45,0,0,0,0,0,0,0,0,0,0,0,0,0,0,0,0,0,"金神型",8,"防御 ＋%d点",0,
8198,20,110,45,95,0,0,0,0,0,0,0,0,0,0,0,0,0,0,0,0,0,"金神型",8,"防御 ＋%d点",0,
8199,30,110,60,140,0,0,0,0,0,0,0,0,0,0,0,0,0,0,0,0,0,"金神型",8,"防御 ＋%d点",0,
8200,40,110,75,185,0,0,0,0,0,0,0,0,0,0,0,0,0,0,0,0,0,"金神型",8,"防御 ＋%d点",0,
8201,50,110,90,235,0,0,0,0,0,0,0,0,0,0,0,0,0,0,0,0,0,"金神型",8,"防御 ＋%d点",0,
8202,60,110,109,280,0,0,0,0,0,0,0,0,0,0,0,0,0,0,0,0,0,"金神型",8,"防御 ＋%d点",0,
8203,70,110,125,325,0,0,0,0,0,0,0,0,0,0,0,0,0,0,0,0,0,"金神型",8,"防御 ＋%d点",0,
8204,80,110,142,375,0,0,0,0,0,0,0,0,0,0,0,0,0,0,0,0,0,"金神型",8,"防御 ＋%d点",0,
8205,90,110,158,415,0,0,0,0,0,0,0,0,0,0,0,0,0,0,0,0,0,"金神型",8,"防御 ＋%d点",0,
8206,100,110,175,465,0,0,0,0,0,0,0,0,0,0,0,0,0,0,0,0,0,"金神型",8,"防御 ＋%d点",0,
8207,10,111,25,45,0,0,0,0,0,0,0,0,0,0,0,0,0,0,0,0,0,"金神型",10,"仙术抵抗 ＋%d点",0,
8208,20,111,45,95,0,0,0,0,0,0,0,0,0,0,0,0,0,0,0,0,0,"金神型",10,"仙术抵抗 ＋%d点",0,
8209,30,111,60,140,0,0,0,0,0,0,0,0,0,0,0,0,0,0,0,0,0,"金神型",10,"仙术抵抗 ＋%d点",0,
8210,40,111,75,185,0,0,0,0,0,0,0,0,0,0,0,0,0,0,0,0,0,"金神型",10,"仙术抵抗 ＋%d点",0,
8211,50,111,90,235,0,0,0,0,0,0,0,0,0,0,0,0,0,0,0,0,0,"金神型",10,"仙术抵抗 ＋%d点",0,
8212,60,111,109,280,0,0,0,0,0,0,0,0,0,0,0,0,0,0,0,0,0,"金神型",10,"仙术抵抗 ＋%d点",0,
8213,70,111,125,325,0,0,0,0,0,0,0,0,0,0,0,0,0,0,0,0,0,"金神型",10,"仙术抵抗 ＋%d点",0,
8214,80,111,142,375,0,0,0,0,0,0,0,0,0,0,0,0,0,0,0,0,0,"金神型",10,"仙术抵抗 ＋%d点",0,
8215,90,111,158,415,0,0,0,0,0,0,0,0,0,0,0,0,0,0,0,0,0,"金神型",10,"仙术抵抗 ＋%d点",0,
8216,100,111,175,465,0,0,0,0,0,0,0,0,0,0,0,0,0,0,0,0,0,"金神型",10,"仙术抵抗 ＋%d点",0,
8217,10,108,1,2,0,0,0,0,0,0,0,0,0,0,0,0,0,0,0,0,0,"战神型",27,"攻击致命＋%d点",0,
8218,20,108,1,3,0,0,0,0,0,0,0,0,0,0,0,0,0,0,0,0,0,"战神型",27,"攻击致命＋%d点",0,
8219,30,108,1,4,0,0,0,0,0,0,0,0,0,0,0,0,0,0,0,0,0,"战神型",27,"攻击致命＋%d点",0,
8220,40,108,2,5,0,0,0,0,0,0,0,0,0,0,0,0,0,0,0,0,0,"战神型",27,"攻击致命＋%d点",0,
8221,50,108,2,6,0,0,0,0,0,0,0,0,0,0,0,0,0,0,0,0,0,"战神型",27,"攻击致命＋%d点",0,
8222,60,108,2,7,0,0,0,0,0,0,0,0,0,0,0,0,0,0,0,0,0,"战神型",27,"攻击致命＋%d点",0,
8223,70,108,2,8,0,0,0,0,0,0,0,0,0,0,0,0,0,0,0,0,0,"战神型",27,"攻击致命＋%d点",0,
8224,80,108,3,9,0,0,0,0,0,0,0,0,0,0,0,0,0,0,0,0,0,"战神型",27,"攻击致命＋%d点",0,
8225,90,108,3,9,0,0,0,0,0,0,0,0,0,0,0,0,0,0,0,0,0,"战神型",27,"攻击致命＋%d点",0,
8226,100,108,3,9,0,0,0,0,0,0,0,0,0,0,0,0,0,0,0,0,0,"战神型",27,"攻击致命＋%d点",0,
8227,10,109,1,2,0,0,0,0,0,0,0,0,0,0,0,0,0,0,0,0,0,"战神型",28,"技能致命＋%d点",0,
8228,20,109,1,3,0,0,0,0,0,0,0,0,0,0,0,0,0,0,0,0,0,"战神型",28,"技能致命＋%d点",0,
8229,30,109,1,4,0,0,0,0,0,0,0,0,0,0,0,0,0,0,0,0,0,"战神型",28,"技能致命＋%d点",0,
8230,40,109,2,5,0,0,0,0,0,0,0,0,0,0,0,0,0,0,0,0,0,"战神型",28,"技能致命＋%d点",0,
8231,50,109,2,6,0,0,0,0,0,0,0,0,0,0,0,0,0,0,0,0,0,"战神型",28,"技能致命＋%d点",0,
8232,60,109,2,7,0,0,0,0,0,0,0,0,0,0,0,0,0,0,0,0,0,"战神型",28,"技能致命＋%d点",0,
8233,70,109,2,8,0,0,0,0,0,0,0,0,0,0,0,0,0,0,0,0,0,"战神型",28,"技能致命＋%d点",0,
8234,80,109,3,9,0,0,0,0,0,0,0,0,0,0,0,0,0,0,0,0,0,"战神型",28,"技能致命＋%d点",0,
8235,90,109,3,9,0,0,0,0,0,0,0,0,0,0,0,0,0,0,0,0,0,"战神型",28,"技能致命＋%d点",0,
8236,100,109,3,9,0,0,0,0,0,0,0,0,0,0,0,0,0,0,0,0,0,"战神型",28,"技能致命＋%d点",0,
8237,10,110,1,20,0,0,0,0,0,0,0,0,0,0,0,0,0,0,0,0,0,"风神型",6,"命中＋%d点",0,
8238,20,110,1,30,0,0,0,0,0,0,0,0,0,0,0,0,0,0,0,0,0,"风神型",6,"命中＋%d点",0,
8239,30,110,1,40,0,0,0,0,0,0,0,0,0,0,0,0,0,0,0,0,0,"风神型",6,"命中＋%d点",0,
8240,40,110,2,50,0,0,0,0,0,0,0,0,0,0,0,0,0,0,0,0,0,"风神型",6,"命中＋%d点",0,
8241,50,110,2,60,0,0,0,0,0,0,0,0,0,0,0,0,0,0,0,0,0,"风神型",6,"命中＋%d点",0,
8242,60,110,2,70,0,0,0,0,0,0,0,0,0,0,0,0,0,0,0,0,0,"风神型",6,"命中＋%d点",0,
8243,70,110,2,80,0,0,0,0,0,0,0,0,0,0,0,0,0,0,0,0,0,"风神型",6,"命中＋%d点",0,
8244,80,110,3,90,0,0,0,0,0,0,0,0,0,0,0,0,0,0,0,0,0,"风神型",6,"命中＋%d点",0,
8245,90,110,3,100,0,0,0,0,0,0,0,0,0,0,0,0,0,0,0,0,0,"风神型",6,"命中＋%d点",0,
8246,100,110,3,110,0,0,0,0,0,0,0,0,0,0,0,0,0,0,0,0,0,"风神型",6,"命中＋%d点",0,
8247,10,111,1,20,0,0,0,0,0,0,0,0,0,0,0,0,0,0,0,0,0,"风神型",7,"躲闪＋%d点",0,
8248,20,111,1,30,0,0,0,0,0,0,0,0,0,0,0,0,0,0,0,0,0,"风神型",7,"躲闪＋%d点",0,
8249,30,111,1,40,0,0,0,0,0,0,0,0,0,0,0,0,0,0,0,0,0,"风神型",7,"躲闪＋%d点",0,
8250,40,111,2,50,0,0,0,0,0,0,0,0,0,0,0,0,0,0,0,0,0,"风神型",7,"躲闪＋%d点",0,
8251,50,111,2,60,0,0,0,0,0,0,0,0,0,0,0,0,0,0,0,0,0,"风神型",7,"躲闪＋%d点",0,
8252,60,111,2,70,0,0,0,0,0,0,0,0,0,0,0,0,0,0,0,0,0,"风神型",7,"躲闪＋%d点",0,
8253,70,111,2,80,0,0,0,0,0,0,0,0,0,0,0,0,0,0,0,0,0,"风神型",7,"躲闪＋%d点",0,
8254,80,111,3,90,0,0,0,0,0,0,0,0,0,0,0,0,0,0,0,0,0,"风神型",7,"躲闪＋%d点",0,
8255,90,111,3,100,0,0,0,0,0,0,0,0,0,0,0,0,0,0,0,0,0,"风神型",7,"躲闪＋%d点",0,
8256,100,111,3,110,0,0,0,0,0,0,0,0,0,0,0,0,0,0,0,0,0,"风神型",7,"躲闪＋%d点",0,
8257,10,115,1,2,0,0,0,0,0,0,0,0,0,0,0,0,0,0,0,0,0,"水神型",52,"物品掉落概率+%d点",0,
8258,20,115,1,3,0,0,0,0,0,0,0,0,0,0,0,0,0,0,0,0,0,"水神型",52,"物品掉落概率+%d点",0,
8259,30,115,1,4,0,0,0,0,0,0,0,0,0,0,0,0,0,0,0,0,0,"水神型",52,"物品掉落概率+%d点",0,
8260,40,115,2,5,0,0,0,0,0,0,0,0,0,0,0,0,0,0,0,0,0,"水神型",52,"物品掉落概率+%d点",0,
8261,50,115,2,6,0,0,0,0,0,0,0,0,0,0,0,0,0,0,0,0,0,"水神型",52,"物品掉落概率+%d点",0,
8262,60,115,2,7,0,0,0,0,0,0,0,0,0,0,0,0,0,0,0,0,0,"水神型",52,"物品掉落概率+%d点",0,
8263,70,115,3,8,0,0,0,0,0,0,0,0,0,0,0,0,0,0,0,0,0,"水神型",52,"物品掉落概率+%d点",0,
8264,80,115,3,9,0,0,0,0,0,0,0,0,0,0,0,0,0,0,0,0,0,"水神型",52,"物品掉落概率+%d点",0,
8265,90,115,3,10,0,0,0,0,0,0,0,0,0,0,0,0,0,0,0,0,0,"水神型",52,"物品掉落概率+%d点",0,
8266,100,115,4,11,0,0,0,0,0,0,0,0,0,0,0,0,0,0,0,0,0,"水神型",52,"物品掉落概率+%d点",0,
8267,10,117,1,2,0,0,0,0,0,0,0,0,0,0,0,0,0,0,0,0,0,"水神型",26,"异常状态抗性+%d点",0,
8268,20,117,1,2,0,0,0,0,0,0,0,0,0,0,0,0,0,0,0,0,0,"水神型",26,"异常状态抗性+%d点",0,
8269,30,117,1,2,0,0,0,0,0,0,0,0,0,0,0,0,0,0,0,0,0,"水神型",26,"异常状态抗性+%d点",0,
8270,40,117,1,3,0,0,0,0,0,0,0,0,0,0,0,0,0,0,0,0,0,"水神型",26,"异常状态抗性+%d点",0,
8271,50,117,1,3,0,0,0,0,0,0,0,0,0,0,0,0,0,0,0,0,0,"水神型",26,"异常状态抗性+%d点",0,
8272,60,117,1,3,0,0,0,0,0,0,0,0,0,0,0,0,0,0,0,0,0,"水神型",26,"异常状态抗性+%d点",0,
8273,70,117,1,4,0,0,0,0,0,0,0,0,0,0,0,0,0,0,0,0,0,"水神型",26,"异常状态抗性+%d点",0,
8274,80,117,1,4,0,0,0,0,0,0,0,0,0,0,0,0,0,0,0,0,0,"水神型",26,"异常状态抗性+%d点",0,
8275,90,117,1,4,0,0,0,0,0,0,0,0,0,0,0,0,0,0,0,0,0,"水神型",26,"异常状态抗性+%d点",0,
8276,10,108,100,200,0,0,0,0,0,0,0,0,0,0,0,0,0,0,0,0,0,"土神型",4,"气血值上限 ＋%d点",0,
8277,20,108,100,200,0,0,0,0,0,0,0,0,0,0,0,0,0,0,0,0,0,"土神型",4,"气血值上限 ＋%d点",0,
8278,30,108,100,200,0,0,0,0,0,0,0,0,0,0,0,0,0,0,0,0,0,"土神型",4,"气血值上限 ＋%d点",0,
8279,40,108,180,360,0,0,0,0,0,0,0,0,0,0,0,0,0,0,0,0,0,"土神型",4,"气血值上限 ＋%d点",0,
8280,50,108,250,500,0,0,0,0,0,0,0,0,0,0,0,0,0,0,0,0,0,"土神型",4,"气血值上限 ＋%d点",0,
8281,60,108,330,660,0,0,0,0,0,0,0,0,0,0,0,0,0,0,0,0,0,"土神型",4,"气血值上限 ＋%d点",0,
8282,70,108,400,800,0,0,0,0,0,0,0,0,0,0,0,0,0,0,0,0,0,"土神型",4,"气血值上限 ＋%d点",0,
8283,80,108,500,1000,0,0,0,0,0,0,0,0,0,0,0,0,0,0,0,0,0,"土神型",4,"气血值上限 ＋%d点",0,
8284,90,108,570,1140,0,0,0,0,0,0,0,0,0,0,0,0,0,0,0,0,0,"土神型",4,"气血值上限 ＋%d点",0,
8285,100,108,650,1300,0,0,0,0,0,0,0,0,0,0,0,0,0,0,0,0,0,"土神型",4,"气血值上限 ＋%d点",0,
8286,10,109,100,200,0,0,0,0,0,0,0,0,0,0,0,0,0,0,0,0,0,"土神型",5,"灵气值上限 ＋%d点",0,
8287,20,109,100,200,0,0,0,0,0,0,0,0,0,0,0,0,0,0,0,0,0,"土神型",5,"灵气值上限 ＋%d点",0,
8288,30,109,100,200,0,0,0,0,0,0,0,0,0,0,0,0,0,0,0,0,0,"土神型",5,"灵气值上限 ＋%d点",0,
8289,40,109,180,360,0,0,0,0,0,0,0,0,0,0,0,0,0,0,0,0,0,"土神型",5,"灵气值上限 ＋%d点",0,
8290,50,109,250,500,0,0,0,0,0,0,0,0,0,0,0,0,0,0,0,0,0,"土神型",5,"灵气值上限 ＋%d点",0,
8291,60,109,330,660,0,0,0,0,0,0,0,0,0,0,0,0,0,0,0,0,0,"土神型",5,"灵气值上限 ＋%d点",0,
8292,70,109,400,800,0,0,0,0,0,0,0,0,0,0,0,0,0,0,0,0,0,"土神型",5,"灵气值上限 ＋%d点",0,
8293,80,109,500,1000,0,0,0,0,0,0,0,0,0,0,0,0,0,0,0,0,0,"土神型",5,"灵气值上限 ＋%d点",0,
8294,90,109,570,1140,0,0,0,0,0,0,0,0,0,0,0,0,0,0,0,0,0,"土神型",5,"灵气值上限 ＋%d点",0,
8295,100,109,650,1300,0,0,0,0,0,0,0,0,0,0,0,0,0,0,0,0,0,"土神型",5,"灵气值上限 ＋%d点",0,
8296,10,112,1,10,0,0,0,0,0,0,0,0,0,0,0,0,0,0,0,0,0,"火神型",15,"怒气+%d点",0,
8297,20,112,1,15,0,0,0,0,0,0,0,0,0,0,0,0,0,0,0,0,0,"火神型",15,"怒气+%d点",0,
8298,30,112,1,20,0,0,0,0,0,0,0,0,0,0,0,0,0,0,0,0,0,"火神型",15,"怒气+%d点",0,
8299,40,112,5,25,0,0,0,0,0,0,0,0,0,0,0,0,0,0,0,0,0,"火神型",15,"怒气+%d点",0,
8300,50,112,5,30,0,0,0,0,0,0,0,0,0,0,0,0,0,0,0,0,0,"火神型",15,"怒气+%d点",0,
8301,60,112,5,35,0,0,0,0,0,0,0,0,0,0,0,0,0,0,0,0,0,"火神型",15,"怒气+%d点",0,
8302,70,112,10,40,0,0,0,0,0,0,0,0,0,0,0,0,0,0,0,0,0,"火神型",15,"怒气+%d点",0,
8303,80,112,10,45,0,0,0,0,0,0,0,0,0,0,0,0,0,0,0,0,0,"火神型",15,"怒气+%d点",0,
8304,90,112,10,50,0,0,0,0,0,0,0,0,0,0,0,0,0,0,0,0,0,"火神型",15,"怒气+%d点",0,
8305,100,112,15,55,0,0,0,0,0,0,0,0,0,0,0,0,0,0,0,0,0,"火神型",15,"怒气+%d点",0,
8306,10,113,3,6,0,0,0,0,0,0,0,0,0,0,0,0,0,0,0,0,0,"火神型",17,"速度+%d点",0,
8307,20,113,3,8,0,0,0,0,0,0,0,0,0,0,0,0,0,0,0,0,0,"火神型",17,"速度+%d点",0,
8308,30,113,3,10,0,0,0,0,0,0,0,0,0,0,0,0,0,0,0,0,0,"火神型",17,"速度+%d点",0,
8309,40,113,6,12,0,0,0,0,0,0,0,0,0,0,0,0,0,0,0,0,0,"火神型",17,"速度+%d点",0,
8310,50,113,9,14,0,0,0,0,0,0,0,0,0,0,0,0,0,0,0,0,0,"火神型",17,"速度+%d点",0,
8311,60,113,10,16,0,0,0,0,0,0,0,0,0,0,0,0,0,0,0,0,0,"火神型",17,"速度+%d点",0,
8312,70,113,11,18,0,0,0,0,0,0,0,0,0,0,0,0,0,0,0,0,0,"火神型",17,"速度+%d点",0,
8313,80,113,12,20,0,0,0,0,0,0,0,0,0,0,0,0,0,0,0,0,0,"火神型",17,"速度+%d点",0,
8314,90,113,13,22,0,0,0,0,0,0,0,0,0,0,0,0,0,0,0,0,0,"火神型",17,"速度+%d点",0,
8315,100,113,14,24,0,0,0,0,0,0,0,0,0,0,0,0,0,0,0,0,0,"火神型",17,"速度+%d点", 0 

