goldcool, 10,41,
6047,"Treasure ",1,0,0,1,2,1,-1,3,0,0,0,0,0,0,0,0,100,12,1034,1033,1036,1035,1010,0,-1,0,57,0,59,0,1,80,0,0,100,0,0,0,0,
6047,"Treasure ",2,0,0,2,2,1,-1,3,0,0,0,0,0,0,0,0,100,12,1034,1033,1036,1035,1010,0,-1,0,57,0,59,0,1,80,0,0,100,0,0,0,0,
6047,"Treasure ",3,0,0,3,2,1,-1,3,0,0,0,0,0,0,0,0,100,12,1034,1033,1036,1035,1010,0,-1,0,57,0,59,0,1,80,0,0,100,0,0,0,0,
6047,"Treasure ",4,0,0,4,2,1,-1,3,0,0,0,0,0,0,0,0,100,12,1034,1033,1036,1035,1010,0,-1,0,57,0,59,0,1,80,0,0,100,0,0,0,0,
6047,"Treasure ",5,0,0,5,2,1,-1,3,0,0,0,0,0,0,0,0,100,12,1034,1033,1036,1035,1010,0,-1,0,57,0,59,0,1,80,0,0,100,0,0,0,0,
6047,"Treasure ",6,0,0,6,2,1,-1,3,0,0,0,0,0,0,0,0,100,12,1034,1033,1036,1035,1010,0,-1,0,57,0,59,0,1,80,0,0,100,0,0,0,0,
6047,"Treasure ",7,0,0,7,2,1,-1,3,0,0,0,0,0,0,0,0,100,12,1034,1033,1036,1035,1010,0,-1,0,57,0,59,0,1,80,0,0,100,0,0,0,0,
6047,"Treasure ",8,0,0,8,2,1,-1,3,0,0,0,0,0,0,0,0,100,12,1034,1033,1036,1035,1010,0,-1,0,57,0,59,0,1,80,0,0,100,0,0,0,0,
6047,"Treasure ",9,0,0,9,2,1,-1,3,0,0,0,0,0,0,0,0,100,12,1034,1033,1036,1035,1010,0,-1,0,57,0,59,0,1,80,0,0,100,0,0,0,0,
6047,"Treasure ",10,0,0,10,2,1,-1,3,0,0,0,0,0,0,0,0,100,12,1034,1033,1036,1035,1010,0,-1,0,57,0,59,0,1,80,0,0,100,0,0,0, 0 
